0.0
0.0
0.0
0.0
0.0
0.0
0.0
0.0
0.0
0.0
0.0
0.0
0.0
0.0
0.0
0.0
0.0
0.0
0.0
0.0
0.0
0.0
0.0
0.0
0.0
0.0
0.0
0.0
0.0
0.0
0.0
0.0
0.0
0.0
0.0
0.0
0.0
0.0
0.0
0.0
0.0
0.0
0.0
0.0
0.0
0.0
0.0
0.0
0.0
0.0
0.0
0.0
0.0
0.0
0.0
0.0
0.0
0.0
0.0
0.0
0.0
0.0
0.0
0.0
0.0
0.0
0.0
0.0
0.0
0.0
0.0
0.0
0.0
0.0
0.0
0.0
0.0
0.0
0.0
0.0
0.0
0.0
0.0
0.0
0.0
0.0
0.0
0.0
0.0
0.0
0.0
0.0
0.0
0.0
0.0
0.0
0.0
0.0
0.0
0.0
0.0
0.0
0.0
0.0
0.0
0.0
0.0
0.0
0.0
0.0
0.0
0.0
0.0
0.0
0.0
0.0
0.0
0.0
0.0
0.0
0.0
0.0
0.0
0.0
0.0
0.0
0.0
0.0
0.0
0.0
0.0
0.0
0.0
0.0
0.0
0.0
0.0
0.0
0.0
0.0
0.0
0.0
0.0
0.0
0.0
0.0
0.0
0.0
0.0
0.0
0.0
0.0
0.0
0.0
0.0
0.0
0.0
0.0
0.0
0.0
0.0
0.0
0.0
0.0
3.0
3.0
3.0
6.0
6.0
6.0
9.0
9.0
9.0
12.0
12.0
12.0
15.0
15.0
15.0
16.0
16.0
16.0
16.0
16.0
16.0
17.0
17.0
17.0
20.0
20.0
20.0
23.0
23.0
23.0
26.0
26.0
26.0
27.0
27.0
27.0
27.0
27.0
27.0
29.0
29.0
29.0
32.0
32.0
32.0
35.0
35.0
35.0
38.0
38.0
38.0
41.0
41.0
41.0
44.0
44.0
44.0
47.0
47.0
47.0
50.0
50.0
50.0
53.0
53.0
53.0
55.0
55.0
55.0
55.0
55.0
55.0
55.0
55.0
55.0
55.0
55.0
55.0
55.0
55.0
55.0
55.0
55.0
55.0
55.0
55.0
55.0
55.0
55.0
55.0
55.0
55.0
55.0
55.0
55.0
55.0
54.0
54.0
54.0
54.0
54.0
54.0
54.0
54.0
54.0
54.0
54.0
54.0
54.0
54.0
54.0
54.0
54.0
54.0
54.0
54.0
54.0
54.0
54.0
54.0
54.0
54.0
54.0
54.0
54.0
54.0
54.0
54.0
54.0
54.0
54.0
54.0
54.0
54.0
54.0
54.0
54.0
54.0
54.0
54.0
54.0
54.0
54.0
54.0
54.0
54.0
54.0
53.0
53.0
53.0
50.0
50.0
50.0
47.0
47.0
47.0
44.0
44.0
44.0
41.0
41.0
41.0
38.0
38.0
38.0
35.0
35.0
35.0
32.0
32.0
32.0
29.0
29.0
29.0
26.0
26.0
26.0
23.0
23.0
23.0
20.0
20.0
20.0
17.0
17.0
17.0
14.0
14.0
14.0
11.0
11.0
11.0
8.0
8.0
8.0
8.0
8.0
8.0
8.0
8.0
8.0
8.0
8.0
8.0
8.0
8.0
8.0
8.0
8.0
8.0
8.0
8.0
8.0
8.0
8.0
8.0
8.0
8.0
8.0
8.0
8.0
8.0
8.0
8.0
8.0
8.0
8.0
8.0
8.0
8.0
8.0
8.0
8.0
8.0
8.0
8.0
8.0
8.0
8.0
8.0
8.0
8.0
8.0
8.0
8.0
8.0
8.0
8.0
8.0
8.0
8.0
8.0
8.0
8.0
8.0
8.0
8.0
8.0
8.0
8.0
8.0
8.0
8.0
8.0
8.0
8.0
8.0
8.0
8.0
8.0
8.0
8.0
8.0
8.0
8.0
8.0
8.0
8.0
8.0
8.0
8.0
8.0
8.0
8.0
8.0
8.0
8.0
8.0
8.0
8.0
8.0
8.0
8.0
8.0
8.0
8.0
8.0
8.0
8.0
8.0
8.0
8.0
8.0
8.0
8.0
8.0
8.0
8.0
8.0
8.0
8.0
8.0
8.0
8.0
8.0
8.0
8.0
8.0
8.0
8.0
8.0
8.0
8.0
8.0
8.0
8.0
8.0
8.0
8.0
8.0
8.0
8.0
8.0
8.0
8.0
8.0
8.0
8.0
8.0
8.0
8.0
8.0
8.0
8.0
8.0
8.0
8.0
8.0
8.0
8.0
8.0
8.0
8.0
8.0
8.0
8.0
8.0
8.0
8.0
8.0
8.0
8.0
8.0
8.0
8.0
8.0
8.0
8.0
8.0
8.0
8.0
8.0
8.0
8.0
8.0
8.0
8.0
8.0
6.0
6.0
6.0
3.0
3.0
3.0
0.0
0.0
0.0
-3.0
-3.0
-3.0
-6.0
-6.0
-6.0
-9.0
-9.0
-9.0
-12.0
-12.0
-12.0
-15.0
-15.0
-15.0
-18.0
-18.0
-18.0
-21.0
-21.0
-21.0
-24.0
-24.0
-24.0
-27.0
-27.0
-27.0
-30.0
-30.0
-30.0
-32.0
-32.0
-32.0
-32.0
-32.0
-32.0
-32.0
-32.0
-32.0
-32.0
-32.0
-32.0
-32.0
-32.0
-32.0
-32.0
-32.0
-32.0
-32.0
-32.0
-32.0
-32.0
-32.0
-32.0
-32.0
-32.0
-32.0
-32.0
-32.0
-32.0
-32.0
-32.0
-32.0
-32.0
-32.0
-32.0
-32.0
-32.0
-32.0
-32.0
-32.0
-32.0
-32.0
-32.0
-32.0
-32.0
-32.0
-32.0
-32.0
-32.0
-32.0
-32.0
-32.0
-32.0
-32.0
-32.0
-32.0
-32.0
-32.0
-32.0
-32.0
-32.0
-32.0
-32.0
-32.0
-32.0
-32.0
-32.0
-32.0
-32.0
-32.0
-32.0
-32.0
-32.0
-32.0
-32.0
-32.0
-32.0
-32.0
-32.0
-32.0
-32.0
-32.0
-32.0
-32.0
-32.0
-32.0
-32.0
-32.0
-32.0
-32.0
-32.0
-32.0
-32.0
-32.0
-32.0
-32.0
-32.0
-32.0
-32.0
-32.0
-32.0
-32.0
-32.0
-32.0
-32.0
-32.0
-32.0
-32.0
-32.0
-32.0
-32.0
-32.0
-32.0
-32.0
-32.0
-32.0
-32.0
-32.0
-32.0
-32.0
-32.0
-32.0
-32.0
-32.0
-32.0
-32.0
-32.0
-32.0
-32.0
-32.0
-32.0
-32.0
-32.0
-32.0
-32.0
-32.0
-32.0
-33.0
-33.0
-33.0
-36.0
-36.0
-36.0
-39.0
-39.0
-39.0
-42.0
-42.0
-42.0
-45.0
-45.0
-45.0
-48.0
-48.0
-48.0
-51.0
-51.0
-51.0
-54.0
-54.0
-54.0
-57.0
-57.0
-57.0
-60.0
-60.0
-60.0
-63.0
-63.0
-63.0
-66.0
-66.0
-66.0
-69.0
-69.0
-69.0
-72.0
-72.0
-72.0
-75.0
-75.0
-75.0
-78.0
-78.0
-78.0
-81.0
-81.0
-81.0
-84.0
-84.0
-84.0
-87.0
-87.0
-87.0
-90.0
-90.0
-90.0
-93.0
-93.0
-93.0
-96.0
-96.0
-96.0
-99.0
-99.0
-99.0
-102.0
-102.0
-102.0
-105.0
-105.0
-105.0
-108.0
-108.0
-108.0
-111.0
-111.0
-111.0
-114.0
-114.0
-114.0
-117.0
-117.0
-117.0
-120.0
-120.0
-120.0
-123.0
-123.0
-123.0
-126.0
-126.0
-126.0
-129.0
-129.0
-129.0
-132.0
-132.0
-132.0
-134.0
-134.0
-134.0
-136.0
-136.0
-136.0
-136.0
-136.0
-136.0
-136.0
-136.0
-136.0
-136.0
-136.0
-136.0
-136.0
-136.0
-136.0
-136.0
-136.0
-136.0
-136.0
-136.0
-136.0
-136.0
-136.0
-136.0
-136.0
-136.0
-136.0
-136.0
-136.0
-136.0
-136.0
-136.0
-136.0
-136.0
-136.0
-136.0
-136.0
-136.0
-136.0
-136.0
-136.0
-136.0
-136.0
-136.0
-136.0
-136.0
-136.0
-136.0
-136.0
-136.0
-136.0
-136.0
-136.0
-136.0
-136.0
-136.0
-136.0
-136.0
-136.0
-136.0
-136.0
-136.0
-136.0
-136.0
-136.0
-136.0
-136.0
-136.0
-136.0
-136.0
-136.0
-136.0
-136.0
-136.0
-136.0
-136.0
-136.0
-136.0
-136.0
-136.0
-136.0
-136.0
-136.0
-136.0
-136.0
-136.0
-136.0
-136.0
-136.0
-136.0
-136.0
-136.0
-136.0
-136.0
-136.0
-136.0
-137.0
-137.0
-137.0
-136.0
-136.0
-136.0
-134.0
-134.0
-134.0
-131.0
-131.0
-131.0
-129.0
-129.0
-129.0
-129.0
-129.0
-129.0
-128.0
-128.0
-128.0
-127.0
-127.0
-127.0
-125.0
-125.0
-125.0
-125.0
-125.0
-125.0
-125.0
-125.0
-125.0
-125.0
-125.0
-125.0
-125.0
-125.0
-125.0
-125.0
-125.0
-125.0
-125.0
-125.0
-125.0
