0.0
0.0
0.0
0.0
0.0
0.0
0.0
0.0
0.0
0.0
0.0
0.0
0.0
0.0
0.0
0.0
0.0
0.0
0.0
0.0
0.0
0.0
0.0
0.0
0.0
0.0
0.0
0.0
0.0
0.0
0.0
0.0
0.0
0.0
0.0
0.0
0.0
0.0
0.0
0.0
0.0
0.0
0.0
0.0
0.0
0.0
0.0
0.0
0.0
0.0
0.0
0.0
0.0
0.0
0.0
0.0
0.0
0.0
0.0
0.0
0.0
0.0
0.0
0.0
0.0
0.0
0.0
0.0
0.0
0.0
0.0
0.0
0.0
0.0
0.0
0.0
0.0
0.0
0.0
0.0
0.0
0.0
0.0
0.0
0.0
0.0
0.0
0.0
0.0
0.0
0.0
0.0
0.0
0.0
0.0
0.0
0.0
0.0
0.0
0.0
0.0
0.0
0.0
0.0
0.0
0.0
0.0
0.0
0.0
0.0
0.0
0.0
0.0
0.0
0.0
0.0
3.0
3.0
3.0
6.0
6.0
6.0
9.0
9.0
9.0
12.0
12.0
12.0
15.0
15.0
15.0
18.0
18.0
18.0
21.0
21.0
21.0
24.0
24.0
24.0
27.0
27.0
27.0
30.0
30.0
30.0
33.0
33.0
33.0
36.0
36.0
36.0
39.0
39.0
39.0
42.0
42.0
42.0
45.0
45.0
45.0
48.0
48.0
48.0
51.0
51.0
51.0
54.0
54.0
54.0
57.0
57.0
57.0
60.0
60.0
60.0
63.0
63.0
63.0
66.0
66.0
66.0
69.0
69.0
69.0
72.0
72.0
75.0
75.0
75.0
78.0
78.0
78.0
81.0
81.0
81.0
84.0
84.0
84.0
87.0
87.0
87.0
90.0
90.0
90.0
93.0
93.0
93.0
96.0
96.0
96.0
99.0
99.0
99.0
102.0
102.0
102.0
105.0
105.0
105.0
108.0
108.0
108.0
111.0
111.0
111.0
114.0
114.0
114.0
117.0
117.0
117.0
120.0
120.0
120.0
123.0
123.0
123.0
126.0
126.0
126.0
129.0
129.0
129.0
130.0
130.0
130.0
130.0
130.0
130.0
130.0
130.0
130.0
130.0
130.0
130.0
130.0
130.0
130.0
130.0
130.0
130.0
132.0
132.0
132.0
135.0
135.0
135.0
138.0
138.0
138.0
141.0
141.0
141.0
144.0
144.0
144.0
147.0
147.0
147.0
147.0
147.0
147.0
147.0
147.0
147.0
147.0
147.0
147.0
150.0
150.0
150.0
153.0
153.0
153.0
156.0
156.0
156.0
159.0
159.0
159.0
162.0
162.0
162.0
165.0
165.0
165.0
168.0
168.0
168.0
171.0
171.0
171.0
174.0
174.0
174.0
177.0
177.0
177.0
180.0
180.0
180.0
183.0
183.0
183.0
186.0
186.0
186.0
188.0
188.0
188.0
188.0
188.0
188.0
188.0
188.0
188.0
188.0
188.0
188.0
188.0
188.0
188.0
188.0
188.0
188.0
188.0
188.0
188.0
189.0
189.0
189.0
192.0
192.0
192.0
195.0
195.0
195.0
198.0
198.0
198.0
201.0
201.0
201.0
203.0
203.0
203.0
203.0
203.0
203.0
203.0
203.0
203.0
203.0
203.0
203.0
203.0
203.0
203.0
203.0
203.0
203.0
203.0
203.0
203.0
203.0
203.0
203.0
203.0
203.0
203.0
203.0
203.0
203.0
203.0
203.0
203.0
203.0
203.0
203.0
203.0
203.0
203.0
203.0
203.0
203.0
203.0
203.0
203.0
203.0
203.0
203.0
203.0
203.0
203.0
203.0
203.0
203.0
203.0
203.0
203.0
203.0
203.0
206.0
206.0
206.0
209.0
209.0
209.0
212.0
212.0
212.0
215.0
215.0
215.0
218.0
218.0
218.0
221.0
221.0
221.0
224.0
224.0
224.0
227.0
227.0
227.0
230.0
230.0
230.0
233.0
233.0
233.0
236.0
236.0
236.0
239.0
239.0
239.0
242.0
242.0
242.0
245.0
245.0
245.0
248.0
248.0
248.0
251.0
251.0
251.0
254.0
254.0
254.0
257.0
257.0
257.0
260.0
260.0
260.0
263.0
263.0
263.0
266.0
266.0
266.0
269.0
269.0
269.0
272.0
272.0
272.0
275.0
275.0
275.0
278.0
278.0
278.0
281.0
281.0
281.0
284.0
284.0
284.0
287.0
287.0
287.0
290.0
290.0
290.0
293.0
293.0
293.0
296.0
296.0
296.0
299.0
299.0
299.0
302.0
302.0
302.0
305.0
305.0
305.0
308.0
308.0
308.0
311.0
311.0
311.0
314.0
314.0
314.0
317.0
317.0
317.0
320.0
320.0
320.0
323.0
323.0
323.0
326.0
326.0
326.0
329.0
329.0
329.0
332.0
332.0
332.0
335.0
335.0
335.0
338.0
338.0
338.0
