0.0
0.0
0.0
0.0
0.0
0.0
0.0
0.0
0.0
0.0
0.0
0.0
0.0
0.0
0.0
0.0
0.0
0.0
0.0
0.0
0.0
0.0
0.0
0.0
0.0
0.0
0.0
0.0
0.0
0.0
0.0
0.0
0.0
0.0
0.0
0.0
0.0
0.0
0.0
0.0
0.0
0.0
0.0
0.0
0.0
0.0
0.0
0.0
0.0
0.0
1.0
1.0
1.0
3.0
3.0
3.0
3.0
3.0
3.0
3.0
3.0
3.0
3.0
3.0
3.0
3.0
3.0
3.0
3.0
3.0
3.0
3.0
3.0
3.0
3.0
3.0
3.0
3.0
3.0
3.0
3.0
3.0
3.0
3.0
3.0
3.0
3.0
3.0
3.0
4.0
4.0
4.0
7.0
7.0
7.0
10.0
10.0
10.0
13.0
13.0
13.0
16.0
16.0
16.0
19.0
19.0
19.0
22.0
22.0
22.0
24.0
24.0
24.0
24.0
24.0
24.0
24.0
24.0
24.0
24.0
24.0
24.0
24.0
24.0
24.0
24.0
24.0
24.0
24.0
24.0
24.0
24.0
24.0
24.0
24.0
24.0
24.0
24.0
24.0
24.0
24.0
24.0
24.0
24.0
24.0
24.0
24.0
24.0
24.0
24.0
24.0
24.0
24.0
24.0
24.0
24.0
24.0
24.0
24.0
24.0
24.0
24.0
24.0
24.0
24.0
24.0
24.0
25.0
25.0
25.0
28.0
28.0
28.0
29.0
29.0
29.0
29.0
29.0
29.0
32.0
32.0
32.0
33.0
33.0
33.0
33.0
33.0
33.0
33.0
33.0
33.0
33.0
33.0
33.0
33.0
33.0
33.0
33.0
33.0
33.0
33.0
33.0
33.0
33.0
33.0
33.0
36.0
36.0
36.0
39.0
39.0
39.0
42.0
42.0
42.0
45.0
45.0
45.0
47.0
47.0
47.0
47.0
47.0
47.0
47.0
47.0
47.0
47.0
47.0
47.0
47.0
47.0
47.0
47.0
47.0
47.0
47.0
47.0
47.0
47.0
47.0
47.0
47.0
47.0
47.0
47.0
47.0
47.0
47.0
47.0
47.0
47.0
47.0
47.0
47.0
47.0
47.0
47.0
47.0
47.0
47.0
47.0
47.0
47.0
47.0
47.0
47.0
47.0
47.0
47.0
47.0
47.0
47.0
47.0
47.0
47.0
47.0
47.0
47.0
47.0
47.0
47.0
47.0
47.0
47.0
47.0
47.0
47.0
47.0
47.0
47.0
47.0
47.0
47.0
47.0
47.0
47.0
47.0
47.0
47.0
47.0
47.0
47.0
47.0
47.0
47.0
47.0
47.0
47.0
47.0
47.0
47.0
47.0
47.0
47.0
47.0
47.0
47.0
47.0
47.0
47.0
47.0
47.0
47.0
47.0
47.0
50.0
50.0
50.0
53.0
53.0
53.0
56.0
56.0
56.0
59.0
59.0
59.0
61.0
61.0
61.0
61.0
61.0
61.0
61.0
61.0
61.0
61.0
61.0
61.0
61.0
61.0
61.0
61.0
61.0
61.0
61.0
61.0
61.0
61.0
61.0
61.0
61.0
61.0
61.0
61.0
61.0
61.0
61.0
61.0
61.0
61.0
61.0
61.0
61.0
61.0
61.0
61.0
61.0
61.0
61.0
61.0
61.0
61.0
61.0
61.0
64.0
64.0
64.0
67.0
67.0
67.0
70.0
70.0
70.0
73.0
73.0
73.0
76.0
76.0
76.0
79.0
79.0
79.0
80.0
80.0
80.0
80.0
80.0
80.0
80.0
80.0
80.0
80.0
80.0
80.0
80.0
80.0
80.0
80.0
80.0
80.0
80.0
80.0
80.0
80.0
80.0
80.0
80.0
80.0
80.0
80.0
80.0
80.0
80.0
80.0
80.0
80.0
80.0
80.0
80.0
80.0
80.0
80.0
80.0
80.0
80.0
80.0
80.0
80.0
80.0
80.0
80.0
80.0
80.0
80.0
80.0
80.0
80.0
80.0
80.0
80.0
80.0
80.0
80.0
80.0
80.0
80.0
80.0
80.0
80.0
80.0
80.0
80.0
80.0
80.0
80.0
80.0
80.0
80.0
80.0
80.0
80.0
80.0
80.0
80.0
80.0
80.0
80.0
80.0
80.0
80.0
80.0
80.0
80.0
80.0
80.0
80.0
80.0
80.0
80.0
80.0
80.0
80.0
80.0
80.0
80.0
80.0
80.0
80.0
80.0
80.0
80.0
80.0
80.0
80.0
80.0
80.0
80.0
80.0
80.0
80.0
80.0
80.0
80.0
80.0
80.0
80.0
80.0
80.0
80.0
80.0
80.0
80.0
80.0
80.0
80.0
80.0
80.0
80.0
80.0
80.0
80.0
80.0
80.0
80.0
80.0
80.0
80.0
80.0
80.0
80.0
80.0
80.0
80.0
80.0
80.0
80.0
80.0
80.0
80.0
80.0
80.0
80.0
80.0
80.0
80.0
80.0
80.0
80.0
80.0
80.0
80.0
80.0
80.0
80.0
80.0
80.0
80.0
80.0
80.0
80.0
80.0
80.0
80.0
80.0
80.0
80.0
80.0
80.0
80.0
80.0
80.0
80.0
80.0
83.0
83.0
83.0
85.0
85.0
85.0
85.0
85.0
85.0
85.0
85.0
85.0
85.0
85.0
85.0
85.0
85.0
85.0
85.0
85.0
85.0
85.0
85.0
85.0
85.0
85.0
85.0
85.0
85.0
85.0
85.0
85.0
85.0
85.0
85.0
85.0
85.0
85.0
85.0
85.0
85.0
85.0
85.0
85.0
85.0
85.0
85.0
85.0
85.0
85.0
85.0
85.0
85.0
85.0
85.0
85.0
85.0
85.0
85.0
85.0
85.0
85.0
85.0
84.0
84.0
84.0
84.0
84.0
84.0
84.0
84.0
84.0
84.0
84.0
84.0
84.0
84.0
84.0
84.0
84.0
84.0
84.0
84.0
84.0
84.0
84.0
84.0
84.0
84.0
84.0
84.0
84.0
84.0
83.0
83.0
83.0
80.0
80.0
80.0
77.0
77.0
77.0
74.0
74.0
74.0
73.0
73.0
73.0
73.0
73.0
73.0
73.0
73.0
73.0
73.0
73.0
73.0
73.0
73.0
73.0
73.0
73.0
73.0
73.0
73.0
73.0
73.0
73.0
73.0
73.0
73.0
73.0
73.0
73.0
73.0
73.0
73.0
73.0
73.0
73.0
73.0
73.0
73.0
73.0
73.0
73.0
73.0
73.0
73.0
73.0
73.0
73.0
73.0
73.0
73.0
73.0
73.0
73.0
73.0
73.0
73.0
73.0
73.0
73.0
73.0
73.0
73.0
73.0
73.0
73.0
73.0
73.0
73.0
73.0
73.0
73.0
73.0
72.0
72.0
72.0
69.0
69.0
69.0
66.0
66.0
66.0
63.0
63.0
63.0
60.0
60.0
60.0
57.0
57.0
57.0
54.0
54.0
54.0
54.0
54.0
54.0
54.0
54.0
54.0
54.0
54.0
54.0
54.0
54.0
54.0
54.0
54.0
54.0
54.0
54.0
54.0
54.0
54.0
54.0
54.0
54.0
54.0
54.0
54.0
54.0
54.0
54.0
54.0
54.0
54.0
54.0
54.0
54.0
54.0
54.0
54.0
54.0
54.0
54.0
54.0
54.0
54.0
54.0
54.0
54.0
54.0
54.0
54.0
54.0
54.0
54.0
54.0
