0.0
0.0
0.0
0.0
0.0
0.0
0.0
0.0
0.0
0.0
0.0
0.0
0.0
0.0
0.0
0.0
0.0
0.0
0.0
0.0
0.0
0.0
0.0
0.0
0.0
0.0
0.0
0.0
0.0
-1.0
-1.0
-1.0
-4.0
-4.0
-4.0
-7.0
-7.0
-7.0
-10.0
-10.0
-10.0
-10.0
-10.0
-10.0
-10.0
-10.0
-10.0
-10.0
-10.0
-10.0
-10.0
-10.0
-10.0
-10.0
-10.0
-10.0
-10.0
-10.0
-10.0
-10.0
-10.0
-10.0
-10.0
-10.0
-10.0
-10.0
-10.0
-10.0
-10.0
-10.0
-10.0
-10.0
-10.0
-10.0
-10.0
-10.0
-10.0
-10.0
-10.0
-10.0
-8.0
-8.0
-8.0
-5.0
-5.0
-5.0
-2.0
-2.0
-2.0
0.0
0.0
0.0
2.0
2.0
2.0
5.0
5.0
5.0
8.0
8.0
8.0
11.0
11.0
11.0
14.0
14.0
14.0
17.0
17.0
17.0
20.0
20.0
20.0
23.0
23.0
23.0
23.0
23.0
23.0
23.0
23.0
23.0
23.0
23.0
23.0
23.0
23.0
23.0
23.0
23.0
23.0
23.0
23.0
23.0
23.0
23.0
23.0
23.0
23.0
23.0
23.0
23.0
23.0
23.0
23.0
23.0
23.0
23.0
23.0
23.0
23.0
23.0
23.0
23.0
23.0
23.0
23.0
23.0
23.0
23.0
23.0
23.0
23.0
23.0
23.0
23.0
23.0
23.0
23.0
23.0
23.0
23.0
23.0
23.0
23.0
23.0
23.0
23.0
23.0
23.0
23.0
23.0
23.0
23.0
23.0
23.0
23.0
23.0
23.0
23.0
23.0
23.0
23.0
23.0
23.0
23.0
23.0
23.0
23.0
23.0
23.0
23.0
23.0
25.0
25.0
25.0
28.0
28.0
28.0
31.0
31.0
31.0
34.0
34.0
34.0
37.0
37.0
37.0
40.0
40.0
40.0
41.0
41.0
41.0
41.0
41.0
41.0
43.0
43.0
43.0
44.0
44.0
44.0
44.0
44.0
44.0
44.0
44.0
44.0
44.0
44.0
44.0
44.0
44.0
44.0
44.0
44.0
44.0
44.0
44.0
44.0
44.0
44.0
44.0
44.0
44.0
44.0
44.0
44.0
44.0
44.0
44.0
44.0
44.0
44.0
44.0
44.0
44.0
44.0
44.0
44.0
44.0
44.0
44.0
44.0
44.0
44.0
44.0
44.0
44.0
44.0
44.0
44.0
44.0
44.0
44.0
44.0
44.0
44.0
44.0
44.0
44.0
44.0
44.0
44.0
44.0
44.0
44.0
44.0
44.0
44.0
44.0
44.0
44.0
44.0
44.0
44.0
44.0
44.0
44.0
44.0
44.0
44.0
44.0
44.0
44.0
44.0
44.0
44.0
44.0
44.0
44.0
44.0
44.0
44.0
44.0
44.0
44.0
44.0
44.0
44.0
44.0
44.0
44.0
44.0
44.0
44.0
44.0
44.0
44.0
44.0
44.0
44.0
44.0
44.0
44.0
44.0
44.0
44.0
44.0
44.0
44.0
44.0
44.0
44.0
44.0
44.0
44.0
44.0
44.0
44.0
44.0
44.0
44.0
44.0
44.0
44.0
44.0
44.0
44.0
44.0
44.0
44.0
44.0
44.0
44.0
44.0
44.0
44.0
44.0
44.0
44.0
44.0
44.0
44.0
44.0
44.0
44.0
44.0
44.0
44.0
44.0
44.0
44.0
44.0
44.0
44.0
44.0
44.0
44.0
44.0
44.0
44.0
44.0
44.0
44.0
44.0
44.0
44.0
44.0
44.0
44.0
44.0
44.0
44.0
44.0
44.0
44.0
44.0
44.0
44.0
44.0
44.0
44.0
44.0
44.0
44.0
44.0
44.0
44.0
44.0
44.0
44.0
44.0
44.0
44.0
44.0
44.0
44.0
44.0
44.0
44.0
44.0
44.0
44.0
44.0
44.0
44.0
44.0
44.0
44.0
44.0
44.0
44.0
44.0
44.0
44.0
44.0
44.0
44.0
44.0
44.0
44.0
44.0
44.0
44.0
44.0
44.0
44.0
44.0
44.0
44.0
44.0
44.0
44.0
44.0
44.0
44.0
44.0
44.0
44.0
44.0
44.0
44.0
44.0
44.0
44.0
44.0
44.0
44.0
44.0
44.0
44.0
44.0
44.0
44.0
44.0
44.0
44.0
44.0
44.0
44.0
44.0
44.0
44.0
44.0
44.0
44.0
44.0
44.0
44.0
44.0
44.0
44.0
44.0
44.0
44.0
44.0
44.0
44.0
44.0
44.0
44.0
44.0
44.0
44.0
44.0
44.0
44.0
44.0
44.0
44.0
44.0
44.0
44.0
44.0
44.0
44.0
44.0
44.0
44.0
44.0
44.0
44.0
44.0
44.0
46.0
46.0
46.0
49.0
49.0
49.0
52.0
52.0
52.0
55.0
55.0
55.0
58.0
58.0
58.0
61.0
61.0
61.0
61.0
61.0
61.0
61.0
61.0
61.0
61.0
61.0
61.0
61.0
61.0
61.0
61.0
61.0
61.0
61.0
61.0
61.0
61.0
61.0
61.0
61.0
61.0
61.0
61.0
61.0
61.0
61.0
61.0
61.0
61.0
61.0
61.0
61.0
61.0
61.0
61.0
61.0
61.0
61.0
61.0
61.0
61.0
61.0
61.0
61.0
61.0
61.0
61.0
61.0
61.0
61.0
61.0
61.0
61.0
61.0
61.0
61.0
61.0
61.0
61.0
61.0
61.0
61.0
61.0
61.0
61.0
61.0
61.0
61.0
61.0
61.0
61.0
61.0
61.0
61.0
61.0
61.0
61.0
61.0
61.0
61.0
61.0
61.0
61.0
61.0
61.0
61.0
61.0
61.0
61.0
61.0
61.0
61.0
61.0
61.0
61.0
61.0
61.0
61.0
61.0
61.0
61.0
61.0
61.0
61.0
61.0
61.0
61.0
61.0
61.0
61.0
61.0
61.0
61.0
61.0
61.0
61.0
61.0
61.0
61.0
61.0
61.0
61.0
61.0
61.0
61.0
61.0
61.0
61.0
61.0
61.0
61.0
61.0
61.0
61.0
61.0
61.0
61.0
61.0
61.0
61.0
61.0
61.0
61.0
61.0
61.0
61.0
61.0
61.0
61.0
61.0
61.0
61.0
61.0
61.0
61.0
61.0
61.0
61.0
61.0
61.0
61.0
61.0
61.0
61.0
61.0
61.0
61.0
61.0
61.0
61.0
61.0
61.0
61.0
61.0
61.0
61.0
61.0
61.0
61.0
61.0
61.0
61.0
61.0
61.0
61.0
61.0
61.0
61.0
61.0
61.0
61.0
61.0
61.0
61.0
61.0
61.0
61.0
61.0
61.0
61.0
61.0
61.0
61.0
61.0
61.0
61.0
61.0
61.0
61.0
61.0
60.0
60.0
60.0
57.0
57.0
57.0
54.0
54.0
54.0
51.0
51.0
51.0
48.0
48.0
48.0
45.0
45.0
45.0
42.0
42.0
42.0
39.0
39.0
39.0
38.0
38.0
38.0
38.0
38.0
38.0
38.0
38.0
38.0
38.0
38.0
38.0
38.0
38.0
38.0
38.0
38.0
38.0
38.0
38.0
38.0
38.0
38.0
38.0
38.0
38.0
38.0
38.0
38.0
38.0
38.0
38.0
38.0
38.0
38.0
38.0
38.0
38.0
38.0
38.0
38.0
38.0
38.0
38.0
38.0
38.0
38.0
38.0
37.0
37.0
37.0
34.0
34.0
34.0
31.0
31.0
31.0
28.0
28.0
28.0
25.0
25.0
25.0
22.0
22.0
22.0
19.0
19.0
19.0
16.0
16.0
16.0
13.0
13.0
13.0
10.0
10.0
10.0
7.0
7.0
7.0
4.0
4.0
4.0
1.0
1.0
1.0
-2.0
-2.0
-2.0
-5.0
-5.0
-5.0
-7.0
-7.0
-7.0
-7.0
-7.0
-7.0
-7.0
-7.0
-7.0
-7.0
-7.0
-7.0
-7.0
-7.0
-7.0
-7.0
-7.0
-7.0
-7.0
-7.0
-7.0
-7.0
-7.0
-7.0
-7.0
-7.0
-7.0
-10.0
-10.0
-10.0
-13.0
-13.0
-13.0
-16.0
-16.0
-16.0
-19.0
-19.0
-19.0
-22.0
-22.0
-22.0
-25.0
-25.0
-25.0
-28.0
-28.0
-28.0
-31.0
-31.0
-31.0
