0.0
0.0
0.0
0.0
0.0
0.0
0.0
0.0
0.0
0.0
0.0
0.0
0.0
0.0
0.0
0.0
0.0
0.0
0.0
0.0
0.0
0.0
0.0
0.0
0.0
0.0
0.0
0.0
0.0
0.0
0.0
0.0
0.0
0.0
0.0
0.0
0.0
0.0
0.0
0.0
0.0
0.0
0.0
0.0
0.0
0.0
0.0
0.0
0.0
0.0
0.0
0.0
0.0
0.0
0.0
0.0
0.0
0.0
0.0
0.0
0.0
0.0
0.0
0.0
0.0
0.0
0.0
0.0
0.0
0.0
0.0
0.0
0.0
0.0
0.0
0.0
0.0
0.0
0.0
0.0
0.0
0.0
0.0
0.0
0.0
0.0
0.0
0.0
0.0
0.0
0.0
0.0
0.0
0.0
0.0
0.0
0.0
0.0
0.0
0.0
0.0
0.0
0.0
0.0
0.0
0.0
0.0
0.0
0.0
0.0
0.0
0.0
0.0
0.0
0.0
0.0
0.0
0.0
0.0
0.0
0.0
0.0
0.0
0.0
0.0
0.0
0.0
0.0
0.0
0.0
0.0
0.0
0.0
0.0
0.0
0.0
0.0
0.0
0.0
0.0
0.0
0.0
0.0
0.0
0.0
0.0
0.0
0.0
0.0
0.0
0.0
0.0
0.0
0.0
0.0
0.0
0.0
0.0
0.0
0.0
0.0
0.0
0.0
0.0
0.0
0.0
0.0
-1.0
-1.0
-1.0
-4.0
-4.0
-4.0
-7.0
-7.0
-7.0
-10.0
-10.0
-10.0
-13.0
-13.0
-13.0
-16.0
-16.0
-16.0
-19.0
-19.0
-19.0
-19.0
-19.0
-19.0
-19.0
-19.0
-19.0
-19.0
-19.0
-19.0
-19.0
-19.0
-19.0
-19.0
-19.0
-19.0
-19.0
-19.0
-19.0
-19.0
-19.0
-19.0
-19.0
-19.0
-19.0
-19.0
-19.0
-19.0
-19.0
-19.0
-19.0
-19.0
-19.0
-19.0
-19.0
-19.0
-19.0
-19.0
-19.0
-19.0
-19.0
-19.0
-19.0
-19.0
-19.0
-19.0
-19.0
-19.0
-19.0
-19.0
-19.0
-19.0
-19.0
-19.0
-19.0
-19.0
-19.0
-19.0
-19.0
-19.0
-19.0
-19.0
-19.0
-19.0
-19.0
-19.0
-19.0
-19.0
-19.0
-19.0
-19.0
-19.0
-19.0
-19.0
-19.0
-19.0
-19.0
-19.0
-19.0
-19.0
-19.0
-19.0
-19.0
-19.0
-19.0
-19.0
-19.0
-19.0
-19.0
-19.0
-19.0
-19.0
-19.0
-19.0
-19.0
-19.0
-19.0
-19.0
-19.0
-19.0
-19.0
-19.0
-19.0
-19.0
-19.0
-19.0
-19.0
-19.0
-19.0
-19.0
-19.0
-19.0
-19.0
-19.0
-19.0
-19.0
-19.0
-19.0
-19.0
-19.0
-19.0
-19.0
-19.0
-19.0
-19.0
-19.0
-19.0
-19.0
-19.0
-19.0
-19.0
-19.0
-19.0
-19.0
-19.0
-19.0
-19.0
-19.0
-19.0
-19.0
-19.0
-19.0
-19.0
-19.0
-19.0
-19.0
-19.0
-19.0
-19.0
-19.0
-19.0
-19.0
-19.0
-19.0
-19.0
-19.0
-19.0
-19.0
-19.0
-19.0
-19.0
-19.0
-19.0
-19.0
-19.0
-19.0
-19.0
-19.0
-19.0
-19.0
-19.0
-19.0
-19.0
-19.0
-19.0
-19.0
-19.0
-19.0
-19.0
-19.0
-19.0
-19.0
-19.0
-19.0
-19.0
-19.0
-19.0
-19.0
-19.0
-19.0
-19.0
-19.0
-19.0
-19.0
-19.0
-19.0
-19.0
-19.0
-19.0
-19.0
-19.0
-19.0
-19.0
-19.0
-19.0
-19.0
-19.0
-19.0
-19.0
-19.0
-19.0
-19.0
-19.0
-19.0
-19.0
-19.0
-19.0
-19.0
-19.0
-19.0
-19.0
-19.0
-19.0
-19.0
-19.0
-19.0
-19.0
-19.0
-19.0
-19.0
-19.0
-19.0
-19.0
-19.0
-19.0
-19.0
-19.0
-19.0
-19.0
-19.0
-19.0
-19.0
-19.0
-19.0
-19.0
-19.0
-19.0
-19.0
-19.0
-19.0
-19.0
-19.0
-19.0
-19.0
-19.0
-19.0
-19.0
-19.0
-19.0
-19.0
-19.0
-19.0
-19.0
-19.0
-19.0
-19.0
-19.0
-19.0
-19.0
-19.0
-19.0
-19.0
-19.0
-19.0
-19.0
-19.0
-19.0
-19.0
-19.0
-19.0
-19.0
-19.0
-19.0
-19.0
-19.0
-19.0
-19.0
-19.0
-19.0
-19.0
-19.0
-19.0
-19.0
-19.0
-18.0
-18.0
-18.0
-15.0
-15.0
-15.0
-12.0
-12.0
-12.0
-10.0
-10.0
-10.0
-10.0
-10.0
-10.0
-10.0
-10.0
-10.0
-10.0
-10.0
-10.0
-10.0
-10.0
-10.0
-10.0
-10.0
-10.0
-10.0
-10.0
-10.0
-10.0
-10.0
-10.0
-10.0
-10.0
-10.0
-10.0
-10.0
-10.0
-10.0
-10.0
-10.0
-10.0
-10.0
-10.0
-10.0
-10.0
-10.0
-10.0
-10.0
-10.0
-10.0
-10.0
-10.0
-10.0
-10.0
-10.0
-10.0
-10.0
-10.0
-10.0
-10.0
-10.0
-10.0
-10.0
-10.0
-10.0
-10.0
-10.0
-10.0
-10.0
-10.0
-10.0
-10.0
-10.0
-10.0
-10.0
-10.0
-10.0
-10.0
-10.0
-10.0
-10.0
-10.0
-10.0
-10.0
-10.0
-10.0
-10.0
-10.0
-10.0
-10.0
-8.0
-8.0
-8.0
-5.0
-5.0
-5.0
-2.0
-2.0
-2.0
1.0
1.0
1.0
3.0
3.0
3.0
3.0
3.0
3.0
3.0
3.0
3.0
3.0
3.0
3.0
3.0
3.0
3.0
3.0
3.0
3.0
3.0
3.0
3.0
3.0
3.0
3.0
3.0
3.0
3.0
3.0
3.0
3.0
3.0
3.0
3.0
3.0
3.0
3.0
3.0
3.0
3.0
3.0
3.0
3.0
3.0
3.0
3.0
3.0
3.0
3.0
3.0
3.0
3.0
3.0
3.0
3.0
3.0
3.0
3.0
3.0
3.0
3.0
3.0
3.0
3.0
3.0
3.0
3.0
3.0
3.0
3.0
3.0
3.0
3.0
3.0
3.0
3.0
3.0
3.0
3.0
3.0
3.0
3.0
3.0
3.0
3.0
3.0
3.0
3.0
3.0
3.0
3.0
3.0
3.0
3.0
3.0
3.0
3.0
3.0
3.0
3.0
3.0
3.0
3.0
3.0
3.0
3.0
2.0
2.0
2.0
-1.0
-1.0
-1.0
-1.0
-1.0
-1.0
-1.0
-1.0
-1.0
-1.0
-1.0
-1.0
-1.0
-1.0
-1.0
-1.0
-1.0
-1.0
-1.0
-1.0
-1.0
-1.0
-1.0
-1.0
-1.0
-1.0
-1.0
-1.0
-1.0
-1.0
-1.0
-1.0
-1.0
-1.0
-1.0
-1.0
2.0
2.0
2.0
4.0
4.0
4.0
4.0
4.0
4.0
4.0
4.0
4.0
4.0
4.0
4.0
4.0
4.0
4.0
4.0
4.0
4.0
4.0
4.0
4.0
4.0
4.0
4.0
4.0
4.0
4.0
4.0
4.0
4.0
4.0
4.0
4.0
4.0
4.0
4.0
