0.0
0.0
0.0
0.0
0.0
0.0
0.0
0.0
0.0
0.0
0.0
0.0
0.0
0.0
0.0
0.0
0.0
0.0
0.0
0.0
0.0
0.0
0.0
0.0
0.0
0.0
0.0
0.0
0.0
0.0
0.0
0.0
0.0
0.0
0.0
0.0
0.0
0.0
0.0
0.0
0.0
0.0
0.0
0.0
0.0
0.0
0.0
0.0
0.0
0.0
0.0
0.0
0.0
0.0
0.0
0.0
0.0
0.0
0.0
0.0
0.0
0.0
0.0
0.0
0.0
0.0
0.0
0.0
0.0
0.0
0.0
0.0
0.0
0.0
0.0
0.0
0.0
0.0
0.0
0.0
0.0
0.0
0.0
0.0
0.0
0.0
0.0
0.0
0.0
0.0
0.0
0.0
0.0
0.0
0.0
0.0
0.0
0.0
0.0
0.0
0.0
0.0
0.0
0.0
0.0
0.0
0.0
0.0
0.0
0.0
0.0
0.0
0.0
0.0
0.0
0.0
0.0
0.0
0.0
0.0
0.0
0.0
0.0
0.0
0.0
0.0
0.0
0.0
0.0
0.0
0.0
0.0
0.0
0.0
0.0
0.0
0.0
0.0
0.0
0.0
0.0
0.0
0.0
0.0
0.0
0.0
0.0
0.0
0.0
0.0
0.0
0.0
0.0
0.0
0.0
0.0
0.0
0.0
0.0
0.0
0.0
0.0
0.0
0.0
0.0
0.0
0.0
0.0
0.0
0.0
0.0
0.0
0.0
0.0
0.0
0.0
0.0
0.0
0.0
0.0
0.0
0.0
0.0
0.0
0.0
0.0
0.0
0.0
0.0
0.0
0.0
0.0
0.0
0.0
0.0
0.0
0.0
0.0
0.0
0.0
0.0
0.0
0.0
0.0
0.0
0.0
0.0
0.0
0.0
0.0
0.0
0.0
0.0
0.0
0.0
2.0
2.0
2.0
5.0
5.0
5.0
8.0
8.0
8.0
11.0
11.0
11.0
13.0
13.0
13.0
13.0
13.0
13.0
14.0
14.0
14.0
15.0
15.0
15.0
15.0
15.0
15.0
15.0
15.0
15.0
16.0
16.0
16.0
16.0
16.0
16.0
16.0
16.0
16.0
16.0
16.0
16.0
16.0
16.0
16.0
16.0
16.0
16.0
18.0
18.0
18.0
19.0
19.0
19.0
22.0
22.0
22.0
25.0
25.0
25.0
28.0
28.0
28.0
31.0
31.0
31.0
34.0
34.0
34.0
37.0
37.0
37.0
40.0
40.0
40.0
43.0
43.0
43.0
46.0
46.0
46.0
46.0
46.0
46.0
46.0
46.0
46.0
46.0
46.0
46.0
46.0
46.0
46.0
46.0
46.0
46.0
46.0
46.0
46.0
46.0
46.0
46.0
46.0
46.0
46.0
46.0
46.0
46.0
46.0
46.0
46.0
46.0
46.0
46.0
46.0
46.0
46.0
46.0
46.0
46.0
46.0
46.0
46.0
46.0
46.0
46.0
46.0
46.0
46.0
46.0
46.0
46.0
46.0
46.0
46.0
46.0
46.0
46.0
46.0
46.0
46.0
46.0
46.0
46.0
46.0
46.0
46.0
46.0
46.0
46.0
46.0
46.0
46.0
48.0
48.0
48.0
51.0
51.0
51.0
54.0
54.0
54.0
55.0
55.0
55.0
55.0
55.0
55.0
55.0
55.0
55.0
56.0
56.0
56.0
56.0
56.0
56.0
56.0
56.0
56.0
56.0
56.0
56.0
56.0
56.0
56.0
56.0
56.0
56.0
56.0
56.0
56.0
56.0
56.0
56.0
56.0
56.0
56.0
56.0
56.0
56.0
56.0
56.0
56.0
56.0
56.0
56.0
56.0
56.0
56.0
56.0
56.0
56.0
56.0
56.0
56.0
56.0
56.0
56.0
56.0
56.0
56.0
56.0
56.0
56.0
56.0
56.0
56.0
56.0
56.0
56.0
56.0
56.0
56.0
56.0
56.0
56.0
56.0
56.0
56.0
56.0
56.0
56.0
56.0
56.0
56.0
56.0
56.0
56.0
56.0
56.0
56.0
56.0
56.0
56.0
56.0
56.0
56.0
56.0
56.0
56.0
56.0
56.0
56.0
56.0
56.0
56.0
56.0
56.0
56.0
56.0
56.0
56.0
56.0
56.0
56.0
56.0
56.0
56.0
56.0
56.0
56.0
56.0
56.0
56.0
56.0
56.0
56.0
56.0
56.0
56.0
56.0
56.0
56.0
56.0
56.0
56.0
56.0
56.0
56.0
56.0
56.0
56.0
56.0
56.0
56.0
56.0
56.0
56.0
56.0
56.0
56.0
56.0
56.0
56.0
56.0
56.0
56.0
56.0
56.0
56.0
56.0
56.0
56.0
56.0
56.0
56.0
56.0
56.0
56.0
56.0
56.0
56.0
56.0
56.0
56.0
56.0
56.0
56.0
56.0
56.0
56.0
56.0
56.0
56.0
56.0
56.0
56.0
56.0
56.0
56.0
56.0
56.0
56.0
56.0
56.0
56.0
56.0
56.0
56.0
56.0
56.0
56.0
56.0
56.0
56.0
56.0
56.0
56.0
56.0
56.0
56.0
56.0
56.0
56.0
56.0
56.0
56.0
56.0
56.0
56.0
56.0
56.0
56.0
56.0
56.0
56.0
56.0
56.0
56.0
56.0
56.0
56.0
56.0
56.0
56.0
56.0
56.0
56.0
56.0
56.0
56.0
56.0
56.0
56.0
56.0
56.0
56.0
56.0
56.0
56.0
56.0
56.0
56.0
56.0
56.0
56.0
56.0
56.0
56.0
56.0
56.0
56.0
56.0
56.0
56.0
56.0
56.0
56.0
56.0
56.0
57.0
57.0
57.0
58.0
58.0
58.0
60.0
60.0
60.0
60.0
60.0
60.0
60.0
60.0
60.0
60.0
60.0
60.0
60.0
60.0
60.0
60.0
60.0
60.0
60.0
60.0
60.0
60.0
60.0
60.0
60.0
60.0
60.0
60.0
60.0
60.0
60.0
60.0
60.0
61.0
61.0
61.0
63.0
63.0
63.0
65.0
65.0
65.0
65.0
65.0
65.0
66.0
66.0
66.0
67.0
67.0
67.0
68.0
68.0
68.0
69.0
69.0
69.0
69.0
69.0
69.0
69.0
69.0
69.0
69.0
69.0
69.0
69.0
69.0
69.0
69.0
69.0
69.0
69.0
69.0
69.0
69.0
69.0
69.0
69.0
69.0
69.0
69.0
69.0
69.0
69.0
69.0
69.0
69.0
69.0
69.0
69.0
69.0
69.0
69.0
69.0
69.0
69.0
69.0
69.0
69.0
69.0
69.0
69.0
69.0
69.0
69.0
69.0
69.0
69.0
69.0
69.0
69.0
69.0
69.0
69.0
69.0
69.0
69.0
69.0
69.0
69.0
69.0
69.0
69.0
69.0
69.0
69.0
69.0
69.0
69.0
69.0
69.0
69.0
69.0
69.0
69.0
69.0
69.0
69.0
69.0
69.0
69.0
69.0
69.0
69.0
69.0
69.0
69.0
69.0
69.0
69.0
69.0
69.0
69.0
69.0
69.0
69.0
69.0
69.0
69.0
69.0
69.0
69.0
69.0
69.0
69.0
69.0
69.0
69.0
69.0
69.0
69.0
69.0
69.0
69.0
69.0
69.0
69.0
69.0
69.0
69.0
69.0
69.0
69.0
69.0
69.0
69.0
69.0
69.0
69.0
69.0
69.0
69.0
69.0
69.0
69.0
69.0
69.0
69.0
69.0
69.0
69.0
69.0
69.0
69.0
69.0
69.0
69.0
69.0
69.0
69.0
69.0
69.0
69.0
69.0
69.0
69.0
69.0
69.0
69.0
69.0
69.0
69.0
69.0
69.0
69.0
69.0
69.0
69.0
69.0
69.0
69.0
69.0
69.0
69.0
69.0
69.0
69.0
69.0
69.0
69.0
69.0
69.0
69.0
69.0
69.0
69.0
69.0
69.0
69.0
69.0
69.0
69.0
69.0
69.0
69.0
69.0
69.0
69.0
69.0
69.0
69.0
69.0
69.0
69.0
69.0
69.0
69.0
69.0
69.0
69.0
69.0
69.0
69.0
69.0
69.0
69.0
69.0
69.0
69.0
69.0
69.0
69.0
69.0
69.0
69.0
69.0
69.0
69.0
69.0
69.0
69.0
69.0
69.0
69.0
69.0
69.0
69.0
69.0
69.0
69.0
69.0
69.0
69.0
69.0
69.0
69.0
69.0
69.0
69.0
69.0
69.0
69.0
69.0
69.0
69.0
69.0
69.0
69.0
69.0
69.0
69.0
69.0
69.0
69.0
69.0
69.0
69.0
69.0
69.0
69.0
69.0
69.0
69.0
69.0
69.0
69.0
69.0
69.0
69.0
69.0
69.0
69.0
69.0
69.0
69.0
69.0
69.0
69.0
69.0
69.0
69.0
69.0
69.0
69.0
69.0
69.0
69.0
69.0
69.0
69.0
69.0
69.0
69.0
69.0
69.0
69.0
69.0
69.0
69.0
69.0
69.0
69.0
69.0
69.0
69.0
69.0
69.0
71.0
71.0
71.0
74.0
74.0
74.0
77.0
77.0
77.0
80.0
80.0
80.0
82.0
82.0
82.0
83.0
83.0
83.0
83.0
83.0
83.0
83.0
83.0
83.0
84.0
84.0
84.0
85.0
85.0
85.0
86.0
86.0
86.0
86.0
86.0
86.0
86.0
86.0
86.0
86.0
86.0
86.0
86.0
86.0
86.0
86.0
86.0
86.0
86.0
86.0
86.0
87.0
87.0
87.0
90.0
90.0
90.0
93.0
93.0
93.0
96.0
96.0
96.0
99.0
99.0
99.0
102.0
102.0
102.0
105.0
105.0
105.0
108.0
108.0
108.0
111.0
111.0
111.0
114.0
114.0
114.0
117.0
117.0
117.0
120.0
120.0
120.0
123.0
123.0
123.0
126.0
126.0
126.0
129.0
129.0
129.0
132.0
132.0
132.0
135.0
135.0
135.0
