0.0
0.0
0.0
0.0
0.0
0.0
0.0
0.0
0.0
0.0
0.0
0.0
0.0
0.0
0.0
0.0
0.0
0.0
0.0
0.0
0.0
0.0
0.0
0.0
0.0
0.0
0.0
0.0
0.0
0.0
0.0
0.0
0.0
0.0
0.0
1.0
1.0
1.0
4.0
4.0
4.0
5.0
5.0
5.0
5.0
5.0
5.0
5.0
5.0
5.0
5.0
5.0
5.0
5.0
5.0
5.0
5.0
5.0
5.0
5.0
5.0
5.0
5.0
5.0
5.0
5.0
5.0
5.0
5.0
5.0
5.0
5.0
5.0
5.0
5.0
5.0
5.0
5.0
5.0
5.0
5.0
5.0
5.0
5.0
5.0
5.0
5.0
5.0
5.0
5.0
5.0
5.0
5.0
5.0
5.0
5.0
5.0
5.0
5.0
5.0
5.0
5.0
5.0
5.0
5.0
5.0
5.0
5.0
5.0
5.0
5.0
5.0
5.0
5.0
5.0
5.0
5.0
5.0
5.0
5.0
5.0
5.0
5.0
5.0
5.0
5.0
5.0
5.0
7.0
7.0
7.0
10.0
10.0
10.0
13.0
13.0
13.0
16.0
16.0
16.0
19.0
19.0
19.0
22.0
22.0
22.0
25.0
25.0
25.0
28.0
28.0
28.0
31.0
31.0
31.0
34.0
34.0
34.0
37.0
37.0
37.0
40.0
40.0
40.0
43.0
43.0
43.0
45.0
45.0
45.0
45.0
45.0
45.0
45.0
45.0
45.0
47.0
47.0
47.0
50.0
50.0
50.0
53.0
53.0
53.0
54.0
54.0
54.0
54.0
54.0
54.0
54.0
54.0
54.0
54.0
54.0
54.0
54.0
54.0
54.0
54.0
54.0
54.0
54.0
54.0
54.0
55.0
55.0
55.0
58.0
58.0
58.0
61.0
61.0
61.0
64.0
64.0
64.0
67.0
67.0
67.0
69.0
69.0
69.0
69.0
69.0
69.0
69.0
69.0
69.0
69.0
69.0
69.0
69.0
69.0
69.0
69.0
69.0
69.0
69.0
69.0
69.0
70.0
70.0
70.0
73.0
73.0
73.0
76.0
76.0
76.0
79.0
79.0
79.0
82.0
82.0
82.0
85.0
85.0
85.0
88.0
88.0
88.0
90.0
90.0
90.0
93.0
93.0
93.0
96.0
96.0
96.0
99.0
99.0
99.0
101.0
101.0
101.0
101.0
101.0
101.0
101.0
101.0
101.0
101.0
101.0
101.0
101.0
101.0
101.0
101.0
101.0
101.0
101.0
101.0
101.0
104.0
104.0
104.0
107.0
107.0
107.0
110.0
110.0
110.0
113.0
113.0
113.0
116.0
116.0
116.0
119.0
119.0
119.0
122.0
122.0
122.0
125.0
125.0
125.0
128.0
128.0
128.0
131.0
131.0
131.0
134.0
134.0
134.0
137.0
137.0
137.0
140.0
140.0
140.0
