0.0
0.0
0.0
0.0
0.0
0.0
0.0
0.0
0.0
0.0
0.0
0.0
0.0
0.0
0.0
0.0
0.0
0.0
0.0
0.0
0.0
0.0
0.0
0.0
0.0
0.0
0.0
0.0
0.0
0.0
0.0
0.0
0.0
0.0
0.0
0.0
0.0
0.0
0.0
0.0
0.0
0.0
0.0
0.0
0.0
0.0
0.0
0.0
0.0
0.0
0.0
0.0
0.0
0.0
0.0
0.0
0.0
0.0
0.0
0.0
0.0
0.0
0.0
0.0
0.0
0.0
0.0
0.0
0.0
0.0
0.0
0.0
0.0
0.0
0.0
0.0
0.0
0.0
0.0
0.0
0.0
0.0
0.0
0.0
0.0
0.0
0.0
0.0
0.0
0.0
0.0
0.0
0.0
0.0
0.0
0.0
0.0
0.0
0.0
0.0
0.0
0.0
0.0
0.0
0.0
0.0
0.0
0.0
0.0
0.0
0.0
0.0
0.0
0.0
0.0
0.0
0.0
0.0
0.0
0.0
0.0
0.0
0.0
0.0
0.0
0.0
0.0
0.0
3.0
3.0
3.0
3.0
3.0
3.0
6.0
6.0
6.0
6.0
6.0
6.0
8.0
8.0
8.0
9.0
9.0
9.0
10.0
10.0
10.0
10.0
10.0
10.0
10.0
10.0
10.0
10.0
10.0
10.0
11.0
11.0
11.0
14.0
14.0
14.0
17.0
17.0
17.0
18.0
18.0
18.0
18.0
18.0
18.0
18.0
18.0
18.0
18.0
18.0
18.0
18.0
18.0
18.0
18.0
18.0
18.0
21.0
21.0
21.0
24.0
24.0
24.0
27.0
27.0
27.0
30.0
30.0
30.0
30.0
30.0
30.0
30.0
30.0
30.0
30.0
30.0
30.0
30.0
30.0
30.0
30.0
30.0
30.0
30.0
30.0
33.0
33.0
33.0
34.0
34.0
34.0
35.0
35.0
35.0
37.0
37.0
37.0
40.0
40.0
40.0
42.0
42.0
42.0
44.0
44.0
44.0
46.0
46.0
46.0
49.0
49.0
49.0
51.0
51.0
51.0
53.0
53.0
53.0
55.0
55.0
55.0
57.0
57.0
57.0
59.0
59.0
59.0
60.0
60.0
60.0
61.0
61.0
61.0
61.0
61.0
61.0
61.0
61.0
61.0
61.0
61.0
61.0
61.0
61.0
61.0
61.0
61.0
61.0
61.0
61.0
61.0
61.0
61.0
61.0
61.0
61.0
61.0
61.0
61.0
61.0
61.0
61.0
61.0
61.0
61.0
61.0
61.0
61.0
61.0
61.0
61.0
61.0
61.0
61.0
61.0
61.0
61.0
61.0
61.0
61.0
61.0
61.0
61.0
61.0
58.0
58.0
58.0
55.0
55.0
55.0
54.0
54.0
54.0
54.0
54.0
54.0
54.0
54.0
54.0
54.0
54.0
54.0
54.0
54.0
54.0
54.0
54.0
54.0
54.0
54.0
54.0
54.0
54.0
54.0
54.0
54.0
54.0
54.0
54.0
54.0
54.0
54.0
54.0
54.0
54.0
54.0
55.0
55.0
55.0
58.0
58.0
58.0
61.0
61.0
61.0
64.0
64.0
64.0
67.0
67.0
67.0
70.0
70.0
70.0
72.0
72.0
72.0
72.0
72.0
72.0
72.0
72.0
72.0
72.0
72.0
72.0
72.0
72.0
72.0
73.0
73.0
73.0
76.0
76.0
76.0
79.0
79.0
79.0
82.0
82.0
82.0
83.0
83.0
83.0
83.0
83.0
83.0
83.0
83.0
83.0
83.0
83.0
83.0
83.0
83.0
83.0
83.0
83.0
83.0
83.0
83.0
83.0
83.0
83.0
83.0
83.0
83.0
83.0
83.0
83.0
83.0
83.0
83.0
83.0
83.0
83.0
83.0
83.0
83.0
83.0
83.0
83.0
83.0
83.0
83.0
83.0
83.0
83.0
83.0
83.0
83.0
83.0
83.0
83.0
83.0
83.0
83.0
83.0
83.0
83.0
85.0
85.0
85.0
88.0
88.0
88.0
91.0
91.0
91.0
94.0
94.0
94.0
97.0
97.0
97.0
100.0
100.0
100.0
103.0
103.0
103.0
104.0
104.0
104.0
104.0
104.0
104.0
104.0
104.0
104.0
104.0
104.0
104.0
104.0
104.0
104.0
104.0
104.0
104.0
104.0
104.0
104.0
104.0
104.0
104.0
104.0
104.0
104.0
104.0
104.0
104.0
104.0
104.0
104.0
104.0
104.0
104.0
104.0
104.0
104.0
104.0
104.0
104.0
104.0
104.0
104.0
106.0
106.0
106.0
109.0
109.0
109.0
112.0
112.0
112.0
115.0
115.0
115.0
118.0
118.0
118.0
118.0
118.0
118.0
118.0
118.0
118.0
118.0
118.0
118.0
118.0
118.0
118.0
118.0
118.0
118.0
118.0
118.0
118.0
118.0
118.0
118.0
118.0
118.0
118.0
118.0
118.0
118.0
118.0
118.0
118.0
118.0
118.0
118.0
118.0
118.0
118.0
118.0
118.0
118.0
118.0
118.0
118.0
118.0
118.0
118.0
118.0
118.0
118.0
118.0
118.0
118.0
118.0
118.0
118.0
118.0
118.0
118.0
118.0
118.0
118.0
118.0
118.0
118.0
118.0
118.0
118.0
118.0
118.0
118.0
118.0
118.0
118.0
118.0
118.0
118.0
118.0
118.0
118.0
118.0
118.0
118.0
118.0
118.0
118.0
118.0
118.0
118.0
118.0
118.0
118.0
118.0
118.0
118.0
118.0
118.0
118.0
118.0
118.0
118.0
118.0
118.0
118.0
118.0
118.0
118.0
118.0
118.0
118.0
118.0
118.0
118.0
118.0
118.0
118.0
118.0
118.0
118.0
118.0
118.0
118.0
118.0
118.0
118.0
118.0
118.0
118.0
118.0
118.0
118.0
118.0
118.0
118.0
118.0
118.0
118.0
118.0
118.0
116.0
116.0
116.0
113.0
113.0
113.0
110.0
110.0
110.0
107.0
107.0
107.0
104.0
104.0
104.0
101.0
101.0
101.0
98.0
98.0
98.0
95.0
95.0
95.0
92.0
92.0
92.0
89.0
89.0
89.0
86.0
86.0
86.0
83.0
83.0
83.0
80.0
80.0
80.0
77.0
77.0
77.0
74.0
74.0
74.0
71.0
71.0
71.0
68.0
68.0
68.0
67.0
67.0
67.0
67.0
67.0
67.0
67.0
67.0
67.0
70.0
70.0
70.0
73.0
73.0
73.0
76.0
76.0
76.0
79.0
79.0
79.0
82.0
82.0
82.0
85.0
85.0
85.0
85.0
85.0
85.0
85.0
85.0
85.0
85.0
85.0
85.0
85.0
85.0
85.0
85.0
85.0
85.0
85.0
85.0
85.0
85.0
85.0
85.0
87.0
87.0
87.0
87.0
87.0
87.0
87.0
87.0
87.0
87.0
87.0
87.0
87.0
87.0
87.0
87.0
87.0
87.0
87.0
87.0
87.0
87.0
87.0
87.0
87.0
87.0
87.0
87.0
87.0
87.0
87.0
87.0
87.0
87.0
87.0
87.0
87.0
87.0
87.0
87.0
87.0
87.0
87.0
87.0
87.0
87.0
87.0
87.0
87.0
87.0
87.0
87.0
87.0
87.0
87.0
87.0
87.0
87.0
87.0
87.0
87.0
87.0
87.0
87.0
87.0
87.0
87.0
87.0
87.0
87.0
87.0
87.0
87.0
87.0
87.0
87.0
87.0
87.0
87.0
87.0
87.0
87.0
87.0
87.0
87.0
87.0
87.0
87.0
87.0
87.0
87.0
87.0
87.0
87.0
87.0
87.0
87.0
87.0
85.0
85.0
85.0
84.0
84.0
84.0
84.0
84.0
84.0
84.0
84.0
84.0
84.0
84.0
84.0
84.0
84.0
84.0
84.0
84.0
84.0
84.0
84.0
84.0
84.0
84.0
84.0
84.0
84.0
84.0
84.0
84.0
84.0
84.0
84.0
84.0
84.0
84.0
84.0
84.0
84.0
84.0
84.0
84.0
84.0
84.0
84.0
84.0
84.0
84.0
84.0
84.0
84.0
84.0
81.0
81.0
81.0
78.0
78.0
78.0
75.0
75.0
75.0
72.0
72.0
72.0
69.0
69.0
69.0
66.0
66.0
66.0
63.0
63.0
63.0
60.0
60.0
60.0
57.0
57.0
57.0
54.0
54.0
54.0
51.0
51.0
51.0
48.0
48.0
48.0
45.0
45.0
45.0
42.0
42.0
42.0
39.0
39.0
39.0
36.0
36.0
36.0
33.0
33.0
33.0
30.0
30.0
30.0
27.0
27.0
27.0
24.0
24.0
24.0
21.0
21.0
21.0
19.0
19.0
19.0
19.0
19.0
19.0
19.0
19.0
19.0
19.0
19.0
19.0
19.0
19.0
19.0
17.0
17.0
17.0
17.0
17.0
17.0
16.0
16.0
16.0
15.0
15.0
15.0
13.0
13.0
13.0
13.0
13.0
13.0
11.0
11.0
10.0
10.0
10.0
10.0
10.0
10.0
10.0
10.0
10.0
10.0
10.0
10.0
10.0
10.0
10.0
10.0
10.0
10.0
10.0
10.0
10.0
10.0
10.0
10.0
10.0
10.0
10.0
10.0
10.0
10.0
10.0
10.0
10.0
10.0
10.0
10.0
10.0
10.0
10.0
10.0
10.0
10.0
10.0
10.0
10.0
10.0
10.0
10.0
10.0
10.0
10.0
10.0
10.0
10.0
10.0
10.0
10.0
10.0
10.0
10.0
10.0
10.0
10.0
10.0
10.0
10.0
13.0
13.0
13.0
16.0
16.0
16.0
19.0
19.0
19.0
22.0
22.0
22.0
23.0
23.0
23.0
23.0
23.0
23.0
23.0
23.0
23.0
23.0
23.0
23.0
23.0
23.0
23.0
23.0
23.0
23.0
23.0
23.0
23.0
23.0
23.0
23.0
23.0
23.0
23.0
23.0
23.0
23.0
23.0
23.0
23.0
23.0
23.0
23.0
23.0
23.0
23.0
23.0
23.0
23.0
23.0
23.0
23.0
23.0
23.0
23.0
23.0
23.0
23.0
23.0
23.0
23.0
23.0
23.0
23.0
23.0
23.0
23.0
23.0
23.0
23.0
23.0
23.0
23.0
23.0
23.0
23.0
23.0
23.0
23.0
23.0
23.0
23.0
23.0
23.0
23.0
24.0
24.0
24.0
27.0
27.0
27.0
30.0
30.0
30.0
33.0
33.0
33.0
36.0
36.0
36.0
39.0
39.0
39.0
42.0
42.0
42.0
45.0
45.0
45.0
48.0
48.0
48.0
51.0
51.0
51.0
54.0
54.0
54.0
57.0
57.0
57.0
60.0
60.0
60.0
63.0
63.0
63.0
66.0
66.0
66.0
69.0
69.0
69.0
