0.0
0.0
0.0
0.0
0.0
0.0
0.0
0.0
0.0
0.0
0.0
0.0
0.0
0.0
0.0
0.0
0.0
0.0
0.0
0.0
0.0
0.0
0.0
0.0
0.0
0.0
0.0
0.0
0.0
0.0
0.0
0.0
0.0
0.0
0.0
0.0
0.0
0.0
0.0
0.0
0.0
0.0
0.0
0.0
0.0
0.0
0.0
0.0
0.0
0.0
0.0
0.0
0.0
0.0
0.0
0.0
0.0
0.0
0.0
0.0
0.0
0.0
0.0
0.0
0.0
0.0
0.0
0.0
0.0
0.0
0.0
0.0
0.0
0.0
0.0
0.0
0.0
0.0
0.0
0.0
0.0
0.0
0.0
0.0
0.0
0.0
0.0
0.0
0.0
0.0
0.0
0.0
0.0
0.0
0.0
0.0
0.0
0.0
0.0
0.0
0.0
0.0
0.0
0.0
0.0
0.0
0.0
0.0
0.0
1.0
1.0
1.0
4.0
4.0
4.0
7.0
7.0
7.0
10.0
10.0
10.0
13.0
13.0
13.0
16.0
16.0
16.0
19.0
19.0
19.0
20.0
20.0
20.0
20.0
20.0
20.0
23.0
23.0
23.0
26.0
26.0
26.0
26.0
26.0
26.0
26.0
26.0
26.0
26.0
26.0
26.0
26.0
26.0
26.0
26.0
26.0
26.0
26.0
26.0
26.0
26.0
26.0
26.0
26.0
26.0
26.0
26.0
26.0
26.0
26.0
26.0
26.0
26.0
26.0
26.0
26.0
26.0
27.0
27.0
27.0
30.0
30.0
30.0
33.0
33.0
33.0
34.0
34.0
34.0
34.0
34.0
34.0
34.0
34.0
34.0
34.0
34.0
34.0
34.0
34.0
34.0
34.0
34.0
34.0
34.0
34.0
34.0
34.0
34.0
34.0
34.0
34.0
34.0
34.0
34.0
34.0
34.0
34.0
34.0
34.0
34.0
34.0
34.0
34.0
34.0
34.0
34.0
34.0
34.0
34.0
34.0
36.0
36.0
36.0
37.0
37.0
37.0
39.0
39.0
39.0
39.0
39.0
39.0
39.0
39.0
39.0
39.0
39.0
39.0
39.0
39.0
40.0
40.0
40.0
42.0
42.0
42.0
43.0
43.0
43.0
44.0
44.0
44.0
46.0
46.0
46.0
48.0
48.0
48.0
50.0
50.0
50.0
50.0
50.0
50.0
50.0
50.0
50.0
52.0
52.0
52.0
53.0
53.0
53.0
54.0
54.0
54.0
57.0
57.0
57.0
59.0
59.0
59.0
60.0
60.0
60.0
63.0
63.0
63.0
65.0
65.0
65.0
66.0
66.0
66.0
68.0
68.0
68.0
69.0
69.0
69.0
70.0
70.0
70.0
73.0
73.0
73.0
73.0
73.0
73.0
73.0
73.0
73.0
73.0
73.0
73.0
73.0
73.0
75.0
75.0
75.0
78.0
78.0
78.0
81.0
81.0
81.0
83.0
83.0
83.0
83.0
83.0
83.0
83.0
83.0
83.0
83.0
83.0
83.0
83.0
83.0
83.0
83.0
83.0
83.0
83.0
83.0
83.0
83.0
83.0
83.0
83.0
83.0
83.0
83.0
83.0
83.0
83.0
83.0
83.0
83.0
83.0
83.0
83.0
83.0
83.0
83.0
83.0
83.0
83.0
83.0
83.0
83.0
83.0
83.0
83.0
83.0
83.0
83.0
83.0
83.0
83.0
83.0
83.0
83.0
83.0
83.0
83.0
83.0
83.0
83.0
83.0
83.0
83.0
83.0
83.0
83.0
83.0
83.0
83.0
83.0
83.0
83.0
83.0
83.0
83.0
83.0
83.0
83.0
83.0
83.0
83.0
83.0
83.0
83.0
83.0
83.0
83.0
83.0
83.0
83.0
83.0
83.0
83.0
83.0
83.0
83.0
83.0
83.0
83.0
83.0
85.0
85.0
85.0
88.0
88.0
88.0
91.0
91.0
91.0
94.0
94.0
94.0
97.0
97.0
97.0
100.0
100.0
100.0
103.0
103.0
103.0
106.0
106.0
106.0
106.0
106.0
106.0
106.0
106.0
106.0
106.0
106.0
106.0
106.0
106.0
106.0
106.0
106.0
106.0
106.0
106.0
106.0
106.0
106.0
106.0
106.0
106.0
106.0
106.0
106.0
108.0
108.0
108.0
111.0
111.0
111.0
114.0
114.0
114.0
117.0
117.0
117.0
120.0
120.0
120.0
123.0
123.0
123.0
126.0
126.0
126.0
129.0
129.0
129.0
132.0
132.0
132.0
135.0
135.0
135.0
138.0
138.0
138.0
141.0
141.0
141.0
143.0
143.0
143.0
143.0
143.0
143.0
143.0
143.0
143.0
143.0
143.0
143.0
143.0
143.0
143.0
143.0
143.0
143.0
143.0
143.0
143.0
145.0
145.0
145.0
148.0
148.0
148.0
151.0
151.0
151.0
154.0
154.0
157.0
157.0
157.0
160.0
160.0
160.0
163.0
163.0
163.0
166.0
166.0
166.0
169.0
169.0
169.0
172.0
172.0
172.0
175.0
175.0
175.0
178.0
178.0
178.0
181.0
181.0
181.0
184.0
184.0
184.0
187.0
187.0
187.0
190.0
190.0
190.0
193.0
193.0
193.0
196.0
196.0
196.0
199.0
199.0
199.0
202.0
202.0
202.0
205.0
205.0
205.0
207.0
207.0
207.0
207.0
207.0
207.0
207.0
207.0
207.0
207.0
207.0
207.0
207.0
207.0
207.0
208.0
208.0
208.0
211.0
211.0
211.0
214.0
214.0
214.0
217.0
217.0
217.0
220.0
220.0
220.0
