0.0
0.0
0.0
0.0
0.0
0.0
0.0
0.0
0.0
0.0
0.0
0.0
0.0
0.0
0.0
0.0
0.0
0.0
0.0
0.0
0.0
0.0
0.0
0.0
0.0
0.0
0.0
0.0
0.0
0.0
0.0
0.0
0.0
0.0
0.0
0.0
0.0
0.0
0.0
0.0
0.0
0.0
0.0
0.0
0.0
0.0
0.0
0.0
0.0
0.0
0.0
0.0
0.0
0.0
0.0
0.0
0.0
0.0
0.0
0.0
0.0
0.0
0.0
0.0
0.0
0.0
0.0
0.0
0.0
0.0
0.0
0.0
0.0
0.0
0.0
0.0
0.0
0.0
0.0
0.0
0.0
0.0
0.0
0.0
0.0
0.0
0.0
0.0
0.0
0.0
0.0
0.0
0.0
0.0
0.0
0.0
0.0
0.0
0.0
0.0
0.0
0.0
0.0
0.0
0.0
0.0
0.0
0.0
0.0
0.0
0.0
0.0
0.0
0.0
0.0
0.0
0.0
0.0
0.0
0.0
0.0
0.0
0.0
0.0
0.0
0.0
0.0
0.0
0.0
0.0
0.0
0.0
0.0
0.0
0.0
0.0
0.0
0.0
0.0
0.0
0.0
0.0
0.0
0.0
0.0
0.0
0.0
0.0
0.0
0.0
0.0
0.0
0.0
0.0
0.0
0.0
0.0
0.0
0.0
0.0
0.0
2.0
2.0
2.0
5.0
5.0
5.0
8.0
8.0
8.0
11.0
11.0
11.0
14.0
14.0
14.0
17.0
17.0
17.0
20.0
20.0
20.0
21.0
21.0
21.0
21.0
21.0
21.0
21.0
21.0
21.0
21.0
21.0
21.0
21.0
21.0
21.0
20.0
20.0
20.0
21.0
21.0
21.0
24.0
24.0
24.0
27.0
27.0
27.0
30.0
30.0
30.0
33.0
33.0
33.0
36.0
36.0
36.0
39.0
39.0
39.0
42.0
42.0
42.0
45.0
45.0
45.0
48.0
48.0
48.0
51.0
51.0
51.0
54.0
54.0
54.0
57.0
57.0
57.0
60.0
60.0
60.0
63.0
63.0
63.0
66.0
66.0
66.0
69.0
69.0
69.0
70.0
70.0
70.0
70.0
70.0
70.0
70.0
70.0
70.0
70.0
70.0
70.0
70.0
70.0
70.0
70.0
70.0
70.0
70.0
70.0
70.0
70.0
70.0
70.0
72.0
72.0
72.0
75.0
75.0
75.0
78.0
78.0
78.0
81.0
81.0
81.0
84.0
84.0
84.0
87.0
87.0
87.0
90.0
90.0
90.0
93.0
93.0
93.0
95.0
95.0
95.0
95.0
95.0
95.0
95.0
95.0
95.0
95.0
95.0
95.0
95.0
95.0
95.0
95.0
95.0
95.0
95.0
95.0
95.0
95.0
95.0
95.0
95.0
95.0
95.0
95.0
95.0
95.0
95.0
95.0
95.0
95.0
95.0
95.0
95.0
95.0
95.0
95.0
95.0
95.0
95.0
95.0
95.0
95.0
95.0
95.0
95.0
95.0
95.0
95.0
95.0
95.0
95.0
95.0
95.0
95.0
95.0
95.0
95.0
95.0
95.0
95.0
95.0
95.0
95.0
95.0
95.0
95.0
95.0
95.0
95.0
95.0
95.0
95.0
95.0
95.0
95.0
95.0
95.0
95.0
95.0
95.0
95.0
95.0
95.0
95.0
95.0
95.0
95.0
95.0
95.0
95.0
95.0
95.0
95.0
95.0
95.0
95.0
95.0
95.0
98.0
98.0
98.0
101.0
101.0
101.0
104.0
104.0
104.0
107.0
107.0
107.0
110.0
110.0
110.0
113.0
113.0
113.0
116.0
116.0
116.0
116.0
116.0
116.0
116.0
116.0
116.0
116.0
116.0
116.0
116.0
116.0
116.0
116.0
116.0
116.0
116.0
116.0
116.0
117.0
117.0
117.0
120.0
120.0
120.0
123.0
123.0
123.0
126.0
126.0
126.0
129.0
129.0
129.0
130.0
130.0
130.0
130.0
130.0
130.0
130.0
130.0
130.0
130.0
130.0
130.0
130.0
130.0
130.0
130.0
130.0
130.0
130.0
130.0
130.0
130.0
130.0
130.0
131.0
131.0
131.0
134.0
134.0
134.0
137.0
137.0
137.0
140.0
140.0
140.0
143.0
143.0
143.0
146.0
146.0
146.0
149.0
149.0
149.0
152.0
152.0
152.0
155.0
155.0
155.0
158.0
158.0
158.0
161.0
161.0
161.0
164.0
164.0
164.0
167.0
167.0
167.0
170.0
170.0
170.0
173.0
173.0
173.0
176.0
176.0
176.0
179.0
179.0
179.0
182.0
182.0
182.0
185.0
185.0
185.0
188.0
188.0
188.0
191.0
191.0
191.0
192.0
192.0
192.0
192.0
192.0
192.0
192.0
192.0
192.0
192.0
192.0
192.0
192.0
192.0
192.0
192.0
192.0
192.0
192.0
192.0
192.0
192.0
192.0
192.0
192.0
192.0
192.0
192.0
192.0
192.0
192.0
192.0
192.0
192.0
192.0
192.0
192.0
192.0
192.0
192.0
192.0
192.0
194.0
194.0
194.0
197.0
197.0
197.0
200.0
200.0
200.0
203.0
203.0
203.0
206.0
206.0
206.0
209.0
209.0
209.0
210.0
210.0
210.0
210.0
210.0
210.0
210.0
210.0
210.0
210.0
210.0
210.0
210.0
210.0
210.0
210.0
210.0
210.0
210.0
210.0
210.0
210.0
210.0
210.0
210.0
210.0
210.0
210.0
210.0
210.0
210.0
210.0
210.0
210.0
210.0
210.0
210.0
210.0
210.0
210.0
210.0
210.0
210.0
210.0
210.0
210.0
210.0
210.0
210.0
210.0
210.0
210.0
210.0
210.0
210.0
210.0
210.0
210.0
210.0
210.0
210.0
210.0
210.0
210.0
210.0
210.0
210.0
210.0
210.0
210.0
210.0
210.0
210.0
210.0
210.0
210.0
210.0
210.0
210.0
210.0
210.0
210.0
210.0
210.0
210.0
210.0
210.0
210.0
210.0
210.0
210.0
210.0
210.0
210.0
210.0
210.0
210.0
210.0
210.0
210.0
210.0
210.0
210.0
210.0
210.0
210.0
210.0
210.0
210.0
210.0
210.0
210.0
210.0
210.0
210.0
210.0
210.0
210.0
210.0
210.0
210.0
210.0
210.0
210.0
210.0
210.0
210.0
210.0
210.0
210.0
210.0
210.0
210.0
210.0
210.0
210.0
210.0
210.0
210.0
210.0
210.0
210.0
210.0
210.0
210.0
210.0
210.0
210.0
210.0
210.0
210.0
210.0
210.0
210.0
210.0
210.0
210.0
210.0
210.0
210.0
210.0
210.0
210.0
210.0
210.0
210.0
210.0
210.0
210.0
210.0
210.0
210.0
210.0
210.0
210.0
210.0
210.0
210.0
210.0
210.0
210.0
210.0
210.0
210.0
210.0
210.0
210.0
210.0
210.0
210.0
210.0
210.0
210.0
210.0
210.0
210.0
210.0
210.0
210.0
210.0
210.0
211.0
211.0
211.0
214.0
214.0
214.0
217.0
217.0
217.0
220.0
220.0
220.0
223.0
223.0
223.0
226.0
226.0
226.0
229.0
229.0
229.0
232.0
232.0
232.0
235.0
235.0
235.0
238.0
238.0
238.0
241.0
241.0
241.0
244.0
244.0
244.0
247.0
247.0
247.0
250.0
250.0
250.0
250.0
250.0
250.0
250.0
250.0
250.0
250.0
250.0
250.0
250.0
250.0
250.0
250.0
250.0
250.0
250.0
250.0
250.0
252.0
252.0
252.0
255.0
255.0
255.0
258.0
258.0
258.0
261.0
261.0
261.0
264.0
264.0
264.0
267.0
267.0
267.0
270.0
270.0
270.0
273.0
273.0
273.0
276.0
276.0
276.0
278.0
278.0
278.0
278.0
278.0
278.0
278.0
278.0
278.0
278.0
278.0
278.0
278.0
278.0
278.0
278.0
278.0
278.0
278.0
278.0
278.0
278.0
278.0
278.0
278.0
278.0
278.0
278.0
278.0
278.0
278.0
278.0
278.0
278.0
278.0
278.0
278.0
278.0
278.0
278.0
278.0
278.0
278.0
278.0
278.0
278.0
278.0
278.0
278.0
278.0
278.0
278.0
278.0
278.0
278.0
278.0
278.0
278.0
278.0
278.0
278.0
278.0
278.0
278.0
278.0
278.0
278.0
278.0
278.0
278.0
278.0
278.0
278.0
278.0
278.0
278.0
278.0
278.0
278.0
278.0
278.0
278.0
278.0
278.0
278.0
278.0
278.0
278.0
278.0
278.0
278.0
278.0
278.0
278.0
278.0
278.0
278.0
278.0
278.0
278.0
278.0
278.0
278.0
278.0
278.0
278.0
278.0
278.0
278.0
278.0
278.0
278.0
278.0
278.0
278.0
278.0
278.0
278.0
278.0
278.0
278.0
278.0
278.0
278.0
278.0
278.0
278.0
278.0
278.0
278.0
278.0
278.0
280.0
280.0
280.0
283.0
283.0
283.0
286.0
286.0
286.0
289.0
289.0
289.0
292.0
292.0
292.0
295.0
295.0
295.0
298.0
298.0
298.0
301.0
301.0
301.0
304.0
304.0
304.0
307.0
307.0
307.0
310.0
310.0
310.0
313.0
313.0
313.0
