0.0
0.0
0.0
0.0
0.0
0.0
0.0
0.0
0.0
0.0
0.0
0.0
0.0
0.0
0.0
0.0
0.0
0.0
0.0
0.0
0.0
0.0
0.0
0.0
0.0
0.0
0.0
0.0
0.0
0.0
0.0
0.0
0.0
0.0
0.0
0.0
0.0
0.0
0.0
0.0
0.0
0.0
0.0
0.0
0.0
0.0
0.0
0.0
0.0
0.0
0.0
0.0
0.0
0.0
0.0
0.0
0.0
0.0
0.0
0.0
0.0
0.0
0.0
0.0
0.0
0.0
0.0
0.0
0.0
0.0
0.0
0.0
0.0
0.0
0.0
0.0
0.0
0.0
0.0
0.0
0.0
0.0
0.0
0.0
0.0
0.0
0.0
0.0
0.0
0.0
0.0
0.0
0.0
0.0
0.0
0.0
0.0
0.0
0.0
0.0
0.0
0.0
0.0
0.0
2.0
2.0
2.0
2.0
2.0
2.0
2.0
2.0
2.0
2.0
2.0
2.0
2.0
2.0
2.0
2.0
2.0
2.0
2.0
2.0
2.0
3.0
3.0
3.0
3.0
3.0
3.0
3.0
3.0
3.0
3.0
3.0
3.0
3.0
3.0
3.0
3.0
3.0
3.0
3.0
3.0
3.0
3.0
3.0
3.0
3.0
3.0
3.0
3.0
3.0
3.0
5.0
5.0
5.0
5.0
5.0
5.0
5.0
5.0
5.0
7.0
7.0
7.0
7.0
7.0
7.0
7.0
7.0
7.0
7.0
7.0
7.0
7.0
7.0
7.0
7.0
7.0
7.0
7.0
7.0
7.0
7.0
7.0
7.0
7.0
7.0
7.0
7.0
7.0
7.0
7.0
7.0
7.0
7.0
7.0
7.0
7.0
7.0
7.0
7.0
7.0
7.0
7.0
7.0
7.0
7.0
7.0
7.0
7.0
7.0
7.0
7.0
7.0
7.0
7.0
7.0
7.0
7.0
7.0
7.0
7.0
7.0
7.0
8.0
8.0
8.0
9.0
9.0
9.0
11.0
11.0
11.0
12.0
12.0
12.0
12.0
12.0
12.0
12.0
12.0
12.0
12.0
12.0
12.0
12.0
12.0
12.0
14.0
14.0
14.0
14.0
14.0
14.0
14.0
14.0
14.0
14.0
14.0
14.0
14.0
14.0
14.0
14.0
14.0
14.0
14.0
14.0
14.0
14.0
14.0
15.0
15.0
15.0
17.0
17.0
17.0
19.0
19.0
19.0
21.0
21.0
21.0
23.0
23.0
23.0
24.0
24.0
24.0
26.0
26.0
26.0
27.0
27.0
27.0
29.0
29.0
29.0
29.0
29.0
29.0
30.0
30.0
30.0
32.0
32.0
32.0
33.0
33.0
33.0
34.0
34.0
34.0
36.0
36.0
36.0
36.0
36.0
36.0
36.0
36.0
36.0
36.0
36.0
36.0
36.0
36.0
36.0
36.0
36.0
36.0
37.0
37.0
37.0
37.0
37.0
37.0
40.0
40.0
40.0
40.0
40.0
40.0
41.0
41.0
41.0
41.0
41.0
41.0
43.0
43.0
43.0
43.0
43.0
43.0
43.0
43.0
43.0
43.0
43.0
43.0
43.0
43.0
43.0
43.0
43.0
43.0
43.0
43.0
43.0
45.0
45.0
45.0
45.0
45.0
45.0
46.0
46.0
46.0
46.0
46.0
46.0
46.0
46.0
46.0
46.0
46.0
46.0
46.0
46.0
46.0
46.0
46.0
46.0
46.0
46.0
46.0
44.0
44.0
44.0
43.0
43.0
43.0
43.0
43.0
43.0
43.0
43.0
43.0
41.0
41.0
41.0
41.0
41.0
41.0
41.0
41.0
41.0
41.0
41.0
41.0
41.0
41.0
41.0
40.0
40.0
40.0
38.0
38.0
38.0
35.0
35.0
35.0
35.0
35.0
35.0
35.0
35.0
35.0
35.0
35.0
35.0
37.0
37.0
37.0
38.0
38.0
38.0
38.0
38.0
38.0
39.0
39.0
39.0
39.0
39.0
39.0
41.0
41.0
41.0
41.0
41.0
41.0
43.0
43.0
43.0
43.0
43.0
43.0
43.0
43.0
43.0
43.0
43.0
43.0
43.0
43.0
43.0
43.0
43.0
43.0
43.0
43.0
43.0
45.0
45.0
45.0
46.0
46.0
46.0
46.0
46.0
46.0
46.0
46.0
46.0
46.0
46.0
46.0
46.0
46.0
46.0
46.0
46.0
46.0
46.0
46.0
46.0
46.0
46.0
46.0
46.0
46.0
46.0
46.0
46.0
46.0
46.0
46.0
46.0
46.0
46.0
46.0
46.0
46.0
46.0
46.0
46.0
46.0
46.0
46.0
46.0
46.0
46.0
46.0
