0.0
0.0
0.0
0.0
0.0
0.0
0.0
0.0
0.0
0.0
0.0
0.0
0.0
0.0
0.0
0.0
0.0
0.0
0.0
0.0
0.0
0.0
0.0
0.0
0.0
0.0
0.0
0.0
0.0
0.0
0.0
0.0
0.0
0.0
0.0
0.0
0.0
0.0
0.0
0.0
0.0
0.0
0.0
0.0
0.0
0.0
0.0
0.0
0.0
0.0
0.0
0.0
0.0
0.0
0.0
0.0
0.0
0.0
0.0
0.0
0.0
0.0
0.0
0.0
0.0
0.0
0.0
0.0
0.0
0.0
0.0
0.0
0.0
0.0
0.0
0.0
0.0
0.0
0.0
0.0
0.0
0.0
0.0
0.0
0.0
0.0
0.0
0.0
0.0
0.0
0.0
0.0
0.0
0.0
0.0
0.0
0.0
0.0
0.0
0.0
0.0
0.0
0.0
0.0
0.0
0.0
0.0
2.0
2.0
2.0
5.0
5.0
5.0
8.0
8.0
8.0
11.0
11.0
11.0
14.0
14.0
14.0
17.0
17.0
17.0
20.0
20.0
20.0
23.0
23.0
23.0
26.0
26.0
26.0
29.0
29.0
29.0
32.0
32.0
32.0
35.0
35.0
35.0
38.0
38.0
38.0
41.0
41.0
41.0
44.0
44.0
44.0
47.0
47.0
47.0
50.0
50.0
50.0
53.0
53.0
53.0
56.0
56.0
56.0
59.0
59.0
59.0
62.0
62.0
62.0
63.0
63.0
63.0
63.0
63.0
63.0
63.0
63.0
63.0
63.0
63.0
63.0
63.0
63.0
63.0
63.0
63.0
63.0
64.0
64.0
64.0
67.0
67.0
67.0
70.0
70.0
70.0
73.0
73.0
73.0
76.0
76.0
76.0
79.0
79.0
79.0
82.0
82.0
82.0
85.0
85.0
85.0
88.0
88.0
88.0
91.0
91.0
91.0
94.0
94.0
94.0
97.0
97.0
97.0
100.0
100.0
100.0
103.0
103.0
103.0
106.0
106.0
106.0
109.0
109.0
109.0
112.0
112.0
112.0
115.0
115.0
115.0
118.0
118.0
118.0
121.0
121.0
121.0
124.0
124.0
124.0
127.0
127.0
127.0
130.0
130.0
130.0
131.0
131.0
131.0
131.0
131.0
131.0
131.0
131.0
131.0
131.0
131.0
131.0
131.0
131.0
131.0
131.0
131.0
131.0
133.0
133.0
133.0
136.0
136.0
136.0
139.0
139.0
139.0
142.0
142.0
142.0
145.0
145.0
145.0
148.0
148.0
148.0
151.0
151.0
151.0
154.0
154.0
154.0
157.0
157.0
157.0
160.0
160.0
160.0
163.0
163.0
163.0
166.0
166.0
166.0
169.0
169.0
169.0
172.0
172.0
172.0
175.0
175.0
175.0
178.0
178.0
178.0
181.0
181.0
181.0
184.0
184.0
184.0
187.0
187.0
187.0
190.0
190.0
190.0
193.0
193.0
193.0
194.0
194.0
194.0
194.0
194.0
194.0
194.0
194.0
194.0
194.0
194.0
194.0
194.0
194.0
194.0
194.0
194.0
194.0
194.0
194.0
194.0
194.0
194.0
194.0
194.0
194.0
194.0
194.0
194.0
194.0
194.0
194.0
194.0
194.0
194.0
194.0
194.0
194.0
194.0
194.0
194.0
194.0
194.0
194.0
194.0
194.0
194.0
194.0
194.0
194.0
194.0
194.0
194.0
194.0
194.0
194.0
194.0
194.0
194.0
194.0
194.0
194.0
194.0
194.0
194.0
194.0
194.0
194.0
194.0
194.0
194.0
194.0
194.0
194.0
194.0
194.0
194.0
194.0
194.0
194.0
194.0
194.0
194.0
194.0
194.0
194.0
194.0
194.0
194.0
194.0
194.0
194.0
194.0
194.0
194.0
194.0
194.0
194.0
194.0
194.0
194.0
194.0
194.0
194.0
194.0
194.0
194.0
194.0
194.0
194.0
194.0
194.0
194.0
194.0
194.0
194.0
194.0
194.0
194.0
194.0
192.0
192.0
192.0
189.0
189.0
189.0
186.0
186.0
186.0
183.0
183.0
183.0
180.0
180.0
180.0
