0.0
0.0
0.0
0.0
0.0
0.0
0.0
0.0
0.0
0.0
0.0
0.0
0.0
0.0
0.0
0.0
0.0
0.0
0.0
0.0
0.0
0.0
0.0
0.0
0.0
0.0
0.0
0.0
0.0
0.0
0.0
0.0
0.0
0.0
0.0
0.0
0.0
0.0
0.0
0.0
0.0
0.0
0.0
0.0
0.0
0.0
0.0
0.0
0.0
0.0
0.0
0.0
0.0
0.0
0.0
0.0
0.0
0.0
0.0
0.0
0.0
0.0
0.0
0.0
0.0
0.0
0.0
0.0
0.0
0.0
0.0
0.0
0.0
0.0
0.0
0.0
0.0
0.0
0.0
0.0
0.0
0.0
0.0
0.0
0.0
0.0
0.0
0.0
0.0
0.0
0.0
0.0
0.0
0.0
0.0
0.0
0.0
0.0
0.0
0.0
0.0
0.0
0.0
0.0
0.0
0.0
0.0
0.0
0.0
0.0
0.0
0.0
0.0
0.0
0.0
0.0
0.0
0.0
0.0
0.0
0.0
0.0
0.0
0.0
0.0
0.0
0.0
0.0
0.0
0.0
0.0
0.0
0.0
0.0
0.0
0.0
0.0
0.0
0.0
0.0
0.0
0.0
0.0
0.0
0.0
0.0
0.0
0.0
0.0
0.0
0.0
0.0
0.0
0.0
0.0
0.0
0.0
0.0
0.0
0.0
0.0
0.0
0.0
0.0
0.0
0.0
0.0
0.0
0.0
0.0
0.0
0.0
0.0
0.0
0.0
0.0
0.0
0.0
0.0
0.0
0.0
0.0
0.0
0.0
0.0
0.0
0.0
0.0
0.0
0.0
0.0
0.0
0.0
0.0
0.0
0.0
0.0
3.0
3.0
3.0
3.0
3.0
3.0
4.0
4.0
4.0
5.0
5.0
5.0
7.0
7.0
7.0
8.0
8.0
8.0
8.0
8.0
8.0
8.0
8.0
8.0
9.0
9.0
9.0
9.0
9.0
9.0
10.0
10.0
10.0
11.0
11.0
11.0
13.0
13.0
13.0
14.0
14.0
14.0
15.0
15.0
15.0
16.0
16.0
16.0
17.0
17.0
17.0
19.0
19.0
19.0
22.0
22.0
22.0
25.0
25.0
25.0
28.0
28.0
28.0
31.0
31.0
31.0
34.0
34.0
34.0
37.0
37.0
37.0
40.0
40.0
40.0
43.0
43.0
43.0
46.0
46.0
46.0
49.0
49.0
49.0
50.0
50.0
50.0
50.0
50.0
50.0
50.0
50.0
50.0
50.0
50.0
50.0
50.0
50.0
50.0
50.0
50.0
50.0
50.0
50.0
50.0
50.0
50.0
50.0
52.0
52.0
52.0
55.0
55.0
55.0
58.0
58.0
58.0
61.0
61.0
61.0
64.0
64.0
64.0
67.0
67.0
67.0
70.0
70.0
70.0
73.0
73.0
73.0
76.0
76.0
76.0
79.0
79.0
79.0
82.0
82.0
82.0
85.0
85.0
85.0
88.0
88.0
88.0
91.0
91.0
91.0
94.0
94.0
94.0
97.0
97.0
97.0
100.0
100.0
100.0
103.0
103.0
103.0
106.0
106.0
106.0
109.0
109.0
109.0
112.0
112.0
112.0
115.0
115.0
115.0
118.0
118.0
118.0
121.0
121.0
121.0
124.0
124.0
124.0
127.0
127.0
127.0
130.0
130.0
130.0
133.0
133.0
133.0
136.0
136.0
136.0
139.0
139.0
139.0
142.0
142.0
142.0
145.0
145.0
145.0
148.0
148.0
148.0
151.0
151.0
151.0
154.0
154.0
154.0
157.0
157.0
157.0
160.0
160.0
160.0
163.0
163.0
163.0
166.0
166.0
166.0
169.0
169.0
169.0
172.0
172.0
172.0
175.0
175.0
175.0
178.0
178.0
178.0
181.0
181.0
181.0
184.0
184.0
184.0
187.0
187.0
187.0
190.0
190.0
190.0
193.0
193.0
193.0
196.0
196.0
196.0
199.0
199.0
199.0
201.0
201.0
201.0
203.0
203.0
203.0
205.0
205.0
205.0
208.0
208.0
208.0
211.0
211.0
211.0
214.0
214.0
214.0
217.0
217.0
217.0
220.0
220.0
220.0
223.0
223.0
223.0
226.0
226.0
226.0
229.0
229.0
229.0
232.0
232.0
232.0
235.0
235.0
235.0
238.0
238.0
238.0
241.0
241.0
241.0
244.0
244.0
244.0
247.0
247.0
247.0
250.0
250.0
250.0
253.0
253.0
253.0
256.0
256.0
256.0
257.0
257.0
257.0
257.0
257.0
257.0
257.0
257.0
257.0
257.0
257.0
257.0
257.0
257.0
257.0
257.0
257.0
257.0
257.0
257.0
257.0
257.0
257.0
257.0
257.0
257.0
257.0
257.0
257.0
257.0
257.0
257.0
257.0
257.0
257.0
257.0
257.0
257.0
257.0
257.0
257.0
257.0
257.0
257.0
257.0
257.0
257.0
257.0
257.0
257.0
257.0
257.0
257.0
257.0
257.0
257.0
257.0
257.0
257.0
257.0
257.0
257.0
257.0
257.0
257.0
257.0
257.0
257.0
257.0
257.0
257.0
257.0
257.0
257.0
257.0
257.0
257.0
257.0
257.0
257.0
257.0
257.0
257.0
257.0
257.0
257.0
257.0
257.0
257.0
257.0
257.0
257.0
257.0
257.0
257.0
257.0
257.0
257.0
257.0
257.0
257.0
257.0
257.0
257.0
257.0
257.0
257.0
257.0
257.0
257.0
257.0
257.0
257.0
257.0
257.0
257.0
257.0
257.0
257.0
257.0
257.0
257.0
257.0
257.0
257.0
257.0
257.0
257.0
257.0
257.0
257.0
257.0
257.0
257.0
257.0
257.0
257.0
257.0
257.0
257.0
257.0
257.0
257.0
257.0
257.0
257.0
257.0
257.0
257.0
257.0
257.0
257.0
257.0
257.0
257.0
257.0
257.0
257.0
257.0
257.0
257.0
257.0
257.0
257.0
257.0
257.0
257.0
257.0
257.0
257.0
257.0
257.0
257.0
257.0
257.0
257.0
257.0
257.0
257.0
257.0
257.0
257.0
257.0
257.0
257.0
257.0
257.0
257.0
257.0
257.0
257.0
257.0
257.0
257.0
257.0
257.0
257.0
257.0
257.0
257.0
257.0
257.0
257.0
257.0
257.0
257.0
257.0
257.0
257.0
257.0
257.0
257.0
257.0
257.0
257.0
257.0
257.0
257.0
257.0
257.0
257.0
257.0
257.0
257.0
257.0
257.0
257.0
257.0
257.0
257.0
257.0
257.0
257.0
257.0
257.0
257.0
257.0
257.0
257.0
257.0
257.0
257.0
257.0
257.0
257.0
257.0
257.0
257.0
257.0
257.0
257.0
257.0
257.0
257.0
257.0
257.0
257.0
257.0
260.0
260.0
260.0
260.0
260.0
260.0
262.0
262.0
262.0
265.0
265.0
265.0
268.0
268.0
268.0
271.0
271.0
271.0
274.0
274.0
274.0
277.0
277.0
277.0
278.0
278.0
278.0
278.0
278.0
278.0
278.0
278.0
278.0
278.0
278.0
278.0
278.0
278.0
278.0
278.0
278.0
278.0
278.0
278.0
278.0
278.0
278.0
278.0
278.0
278.0
278.0
278.0
278.0
278.0
278.0
278.0
278.0
278.0
278.0
278.0
278.0
278.0
278.0
278.0
278.0
278.0
278.0
278.0
278.0
278.0
278.0
278.0
278.0
278.0
278.0
278.0
278.0
278.0
278.0
278.0
278.0
278.0
278.0
278.0
278.0
278.0
278.0
278.0
278.0
278.0
278.0
278.0
278.0
278.0
278.0
278.0
278.0
278.0
278.0
278.0
278.0
278.0
278.0
278.0
278.0
278.0
278.0
278.0
278.0
278.0
278.0
278.0
278.0
278.0
278.0
278.0
278.0
278.0
278.0
278.0
278.0
278.0
278.0
278.0
278.0
278.0
278.0
278.0
278.0
278.0
278.0
278.0
278.0
278.0
278.0
278.0
278.0
278.0
278.0
278.0
278.0
278.0
278.0
278.0
278.0
278.0
278.0
278.0
278.0
278.0
278.0
278.0
278.0
278.0
278.0
278.0
278.0
278.0
278.0
278.0
278.0
278.0
278.0
278.0
278.0
278.0
278.0
278.0
278.0
278.0
278.0
278.0
278.0
278.0
278.0
278.0
278.0
278.0
278.0
278.0
278.0
278.0
278.0
278.0
278.0
278.0
278.0
278.0
278.0
278.0
278.0
278.0
278.0
278.0
278.0
278.0
278.0
278.0
278.0
278.0
278.0
278.0
278.0
278.0
278.0
278.0
278.0
278.0
278.0
278.0
278.0
278.0
278.0
278.0
278.0
278.0
278.0
278.0
278.0
278.0
278.0
278.0
278.0
278.0
278.0
278.0
278.0
278.0
278.0
278.0
278.0
278.0
278.0
278.0
278.0
278.0
278.0
278.0
278.0
278.0
278.0
278.0
278.0
278.0
278.0
278.0
278.0
278.0
278.0
278.0
278.0
278.0
278.0
278.0
278.0
278.0
278.0
278.0
278.0
278.0
278.0
278.0
278.0
278.0
278.0
278.0
278.0
278.0
278.0
278.0
278.0
278.0
278.0
278.0
278.0
278.0
278.0
278.0
278.0
278.0
278.0
278.0
278.0
278.0
278.0
278.0
278.0
278.0
278.0
278.0
278.0
278.0
278.0
278.0
278.0
278.0
278.0
278.0
278.0
278.0
278.0
278.0
278.0
278.0
278.0
278.0
278.0
278.0
278.0
278.0
278.0
278.0
278.0
278.0
278.0
278.0
278.0
278.0
278.0
278.0
278.0
278.0
278.0
278.0
278.0
278.0
278.0
278.0
278.0
278.0
278.0
278.0
278.0
278.0
278.0
278.0
278.0
278.0
278.0
278.0
278.0
278.0
278.0
278.0
278.0
278.0
278.0
278.0
278.0
278.0
278.0
278.0
278.0
278.0
278.0
278.0
278.0
278.0
278.0
278.0
278.0
278.0
278.0
278.0
278.0
278.0
278.0
278.0
278.0
278.0
278.0
278.0
278.0
278.0
278.0
278.0
278.0
278.0
278.0
278.0
278.0
278.0
278.0
278.0
278.0
278.0
278.0
278.0
278.0
278.0
278.0
278.0
278.0
278.0
278.0
278.0
278.0
278.0
278.0
278.0
278.0
278.0
278.0
278.0
278.0
278.0
278.0
278.0
278.0
278.0
280.0
280.0
280.0
283.0
283.0
283.0
286.0
286.0
286.0
289.0
289.0
289.0
292.0
292.0
292.0
295.0
295.0
295.0
298.0
298.0
298.0
301.0
301.0
301.0
304.0
304.0
304.0
307.0
307.0
307.0
310.0
310.0
310.0
313.0
313.0
313.0
316.0
316.0
316.0
319.0
319.0
319.0
320.0
320.0
320.0
321.0
321.0
321.0
321.0
321.0
321.0
322.0
322.0
322.0
324.0
324.0
324.0
326.0
326.0
326.0
326.0
326.0
326.0
327.0
327.0
327.0
328.0
328.0
328.0
330.0
330.0
330.0
331.0
331.0
331.0
333.0
333.0
333.0
334.0
334.0
334.0
335.0
335.0
335.0
335.0
335.0
335.0
336.0
336.0
336.0
337.0
337.0
337.0
338.0
338.0
338.0
339.0
339.0
339.0
340.0
340.0
340.0
341.0
341.0
341.0
343.0
343.0
343.0
343.0
343.0
343.0
344.0
344.0
344.0
346.0
346.0
346.0
347.0
347.0
347.0
348.0
348.0
348.0
349.0
349.0
349.0
350.0
350.0
350.0
351.0
351.0
351.0
352.0
352.0
352.0
353.0
353.0
353.0
354.0
354.0
354.0
356.0
356.0
356.0
357.0
357.0
357.0
359.0
359.0
359.0
360.0
360.0
360.0
361.0
361.0
361.0
362.0
362.0
362.0
364.0
364.0
364.0
367.0
367.0
367.0
370.0
370.0
370.0
373.0
373.0
373.0
375.0
375.0
375.0
375.0
375.0
375.0
375.0
375.0
375.0
375.0
375.0
375.0
375.0
375.0
375.0
375.0
375.0
375.0
375.0
375.0
375.0
375.0
375.0
375.0
375.0
375.0
375.0
375.0
375.0
375.0
375.0
375.0
375.0
375.0
375.0
375.0
375.0
375.0
375.0
375.0
375.0
375.0
375.0
375.0
375.0
375.0
375.0
375.0
375.0
375.0
375.0
375.0
375.0
375.0
375.0
375.0
375.0
375.0
375.0
375.0
375.0
375.0
375.0
375.0
375.0
375.0
375.0
375.0
375.0
375.0
375.0
375.0
375.0
375.0
375.0
375.0
375.0
375.0
375.0
375.0
375.0
375.0
375.0
375.0
375.0
375.0
375.0
375.0
375.0
375.0
375.0
375.0
375.0
375.0
375.0
375.0
375.0
375.0
375.0
375.0
375.0
375.0
375.0
375.0
375.0
375.0
375.0
375.0
375.0
375.0
375.0
375.0
375.0
375.0
375.0
375.0
375.0
375.0
375.0
375.0
375.0
375.0
375.0
375.0
375.0
375.0
375.0
375.0
375.0
375.0
375.0
375.0
375.0
375.0
375.0
375.0
375.0
375.0
375.0
375.0
375.0
375.0
375.0
375.0
375.0
375.0
375.0
375.0
375.0
375.0
375.0
375.0
375.0
375.0
375.0
375.0
375.0
375.0
375.0
375.0
375.0
375.0
375.0
375.0
375.0
375.0
375.0
375.0
375.0
375.0
375.0
375.0
375.0
375.0
375.0
375.0
375.0
375.0
375.0
375.0
375.0
375.0
375.0
375.0
375.0
375.0
375.0
375.0
375.0
375.0
375.0
375.0
375.0
375.0
375.0
375.0
375.0
375.0
375.0
375.0
375.0
375.0
375.0
375.0
375.0
375.0
375.0
375.0
375.0
375.0
375.0
375.0
375.0
375.0
375.0
375.0
375.0
375.0
375.0
375.0
375.0
375.0
375.0
375.0
375.0
375.0
375.0
375.0
375.0
375.0
375.0
375.0
375.0
375.0
375.0
375.0
375.0
375.0
375.0
375.0
375.0
375.0
375.0
375.0
375.0
375.0
375.0
375.0
375.0
375.0
375.0
375.0
375.0
375.0
375.0
375.0
375.0
375.0
375.0
375.0
375.0
375.0
375.0
375.0
375.0
375.0
375.0
375.0
375.0
377.0
377.0
377.0
380.0
380.0
380.0
383.0
383.0
383.0
386.0
386.0
386.0
389.0
389.0
389.0
392.0
392.0
392.0
395.0
395.0
395.0
398.0
398.0
398.0
401.0
401.0
401.0
404.0
404.0
404.0
407.0
407.0
407.0
410.0
410.0
410.0
413.0
413.0
413.0
414.0
414.0
414.0
418.0
418.0
418.0
420.0
420.0
420.0
421.0
421.0
421.0
424.0
424.0
424.0
425.0
425.0
425.0
428.0
428.0
428.0
431.0
431.0
431.0
432.0
432.0
432.0
435.0
435.0
435.0
438.0
438.0
438.0
438.0
438.0
438.0
439.0
439.0
439.0
440.0
440.0
440.0
440.0
440.0
440.0
441.0
441.0
441.0
443.0
443.0
443.0
443.0
443.0
443.0
445.0
445.0
445.0
446.0
446.0
446.0
447.0
447.0
447.0
448.0
448.0
448.0
449.0
449.0
449.0
449.0
449.0
449.0
450.0
450.0
450.0
451.0
451.0
451.0
453.0
453.0
453.0
454.0
454.0
454.0
455.0
455.0
455.0
455.0
455.0
455.0
456.0
456.0
456.0
457.0
457.0
457.0
457.0
457.0
457.0
457.0
457.0
457.0
458.0
458.0
458.0
458.0
458.0
458.0
459.0
459.0
459.0
460.0
460.0
460.0
461.0
461.0
461.0
461.0
461.0
461.0
464.0
464.0
464.0
467.0
467.0
467.0
470.0
470.0
470.0
473.0
473.0
473.0
476.0
476.0
476.0
479.0
479.0
479.0
482.0
482.0
482.0
485.0
485.0
485.0
488.0
488.0
488.0
491.0
491.0
491.0
493.0
493.0
493.0
495.0
495.0
495.0
497.0
497.0
497.0
497.0
497.0
497.0
498.0
498.0
498.0
499.0
499.0
499.0
502.0
502.0
502.0
505.0
505.0
505.0
508.0
508.0
508.0
511.0
511.0
511.0
514.0
514.0
514.0
517.0
517.0
517.0
520.0
520.0
520.0
523.0
523.0
523.0
526.0
526.0
526.0
529.0
529.0
529.0
532.0
532.0
532.0
535.0
535.0
535.0
538.0
538.0
538.0
541.0
541.0
541.0
544.0
544.0
544.0
547.0
547.0
547.0
550.0
550.0
550.0
553.0
553.0
553.0
556.0
556.0
556.0
559.0
559.0
559.0
562.0
562.0
562.0
565.0
565.0
565.0
568.0
568.0
568.0
571.0
571.0
571.0
574.0
574.0
574.0
577.0
577.0
577.0
580.0
580.0
580.0
583.0
583.0
583.0
586.0
586.0
586.0
589.0
589.0
589.0
592.0
592.0
592.0
595.0
595.0
595.0
598.0
598.0
598.0
601.0
601.0
601.0
604.0
604.0
604.0
607.0
607.0
607.0
610.0
610.0
610.0
613.0
613.0
613.0
616.0
616.0
616.0
619.0
619.0
619.0
622.0
622.0
622.0
624.0
624.0
624.0
624.0
624.0
624.0
624.0
624.0
624.0
624.0
624.0
624.0
625.0
625.0
625.0
628.0
628.0
628.0
628.0
628.0
628.0
629.0
629.0
629.0
629.0
629.0
629.0
630.0
630.0
630.0
631.0
631.0
631.0
631.0
631.0
631.0
631.0
631.0
631.0
631.0
631.0
631.0
631.0
631.0
631.0
631.0
631.0
631.0
631.0
631.0
631.0
631.0
631.0
631.0
631.0
631.0
631.0
631.0
631.0
631.0
631.0
631.0
631.0
631.0
631.0
631.0
634.0
634.0
634.0
637.0
637.0
637.0
640.0
640.0
640.0
643.0
643.0
643.0
646.0
646.0
646.0
649.0
649.0
649.0
652.0
652.0
652.0
655.0
655.0
655.0
658.0
658.0
658.0
661.0
661.0
661.0
664.0
664.0
664.0
667.0
667.0
667.0
670.0
670.0
670.0
673.0
673.0
673.0
676.0
676.0
676.0
679.0
679.0
679.0
682.0
682.0
682.0
685.0
685.0
685.0
688.0
688.0
688.0
691.0
691.0
691.0
694.0
694.0
694.0
697.0
697.0
697.0
700.0
700.0
700.0
703.0
703.0
703.0
706.0
706.0
706.0
709.0
709.0
709.0
712.0
712.0
712.0
715.0
715.0
715.0
718.0
718.0
718.0
721.0
721.0
721.0
724.0
724.0
724.0
727.0
727.0
727.0
730.0
730.0
730.0
733.0
733.0
733.0
736.0
736.0
736.0
739.0
739.0
739.0
742.0
742.0
742.0
745.0
745.0
745.0
748.0
748.0
748.0
751.0
751.0
751.0
754.0
754.0
754.0
757.0
757.0
757.0
760.0
760.0
760.0
763.0
763.0
763.0
766.0
766.0
766.0
766.0
766.0
766.0
766.0
766.0
766.0
766.0
766.0
766.0
766.0
766.0
766.0
766.0
766.0
766.0
766.0
766.0
766.0
766.0
766.0
766.0
766.0
766.0
766.0
766.0
766.0
766.0
766.0
766.0
766.0
766.0
766.0
766.0
766.0
766.0
766.0
766.0
766.0
766.0
766.0
766.0
766.0
766.0
766.0
766.0
766.0
766.0
766.0
766.0
766.0
766.0
766.0
766.0
766.0
766.0
766.0
766.0
766.0
766.0
766.0
766.0
766.0
766.0
766.0
766.0
766.0
766.0
766.0
766.0
766.0
766.0
766.0
766.0
766.0
766.0
766.0
766.0
766.0
766.0
766.0
766.0
766.0
766.0
766.0
766.0
766.0
766.0
766.0
766.0
766.0
766.0
766.0
766.0
766.0
766.0
766.0
766.0
766.0
766.0
766.0
766.0
766.0
766.0
766.0
766.0
766.0
766.0
766.0
766.0
766.0
766.0
766.0
766.0
766.0
766.0
766.0
766.0
766.0
766.0
766.0
766.0
766.0
766.0
768.0
768.0
768.0
769.0
769.0
769.0
770.0
770.0
770.0
771.0
771.0
771.0
772.0
772.0
772.0
773.0
773.0
773.0
773.0
773.0
773.0
773.0
773.0
773.0
773.0
773.0
773.0
773.0
773.0
773.0
773.0
773.0
773.0
773.0
773.0
773.0
773.0
773.0
773.0
773.0
773.0
773.0
773.0
773.0
773.0
773.0
773.0
773.0
773.0
773.0
773.0
773.0
773.0
773.0
773.0
773.0
773.0
773.0
773.0
773.0
773.0
773.0
773.0
773.0
773.0
773.0
773.0
773.0
773.0
773.0
773.0
773.0
773.0
773.0
773.0
773.0
773.0
773.0
773.0
773.0
773.0
773.0
773.0
773.0
773.0
773.0
773.0
773.0
773.0
773.0
773.0
773.0
773.0
773.0
773.0
773.0
773.0
773.0
773.0
773.0
773.0
773.0
773.0
773.0
773.0
773.0
773.0
773.0
773.0
773.0
773.0
773.0
773.0
773.0
773.0
773.0
773.0
773.0
773.0
773.0
773.0
773.0
773.0
773.0
773.0
773.0
773.0
773.0
773.0
