0.0
0.0
0.0
0.0
0.0
0.0
0.0
0.0
0.0
0.0
0.0
0.0
0.0
0.0
0.0
0.0
0.0
0.0
0.0
0.0
0.0
0.0
0.0
0.0
0.0
0.0
0.0
0.0
0.0
0.0
0.0
0.0
0.0
0.0
0.0
0.0
0.0
0.0
0.0
0.0
0.0
0.0
0.0
0.0
0.0
0.0
0.0
0.0
0.0
0.0
0.0
0.0
0.0
0.0
0.0
0.0
0.0
0.0
0.0
0.0
0.0
0.0
0.0
0.0
0.0
0.0
0.0
0.0
0.0
0.0
0.0
0.0
0.0
0.0
0.0
0.0
0.0
0.0
0.0
0.0
0.0
0.0
0.0
0.0
0.0
0.0
0.0
0.0
0.0
0.0
0.0
0.0
0.0
0.0
0.0
0.0
0.0
0.0
3.0
3.0
3.0
6.0
6.0
6.0
9.0
9.0
9.0
12.0
12.0
12.0
15.0
15.0
15.0
16.0
16.0
16.0
16.0
16.0
16.0
16.0
16.0
16.0
16.0
16.0
16.0
17.0
17.0
17.0
17.0
17.0
17.0
17.0
17.0
17.0
17.0
17.0
17.0
17.0
17.0
17.0
19.0
19.0
19.0
22.0
22.0
22.0
25.0
25.0
25.0
28.0
28.0
28.0
31.0
31.0
31.0
34.0
34.0
34.0
37.0
37.0
37.0
40.0
40.0
40.0
43.0
43.0
43.0
46.0
46.0
46.0
49.0
49.0
49.0
52.0
52.0
55.0
55.0
55.0
58.0
58.0
58.0
61.0
61.0
61.0
64.0
64.0
64.0
66.0
66.0
66.0
66.0
66.0
66.0
66.0
66.0
66.0
66.0
66.0
66.0
63.0
63.0
63.0
60.0
60.0
60.0
57.0
57.0
57.0
55.0
55.0
55.0
56.0
56.0
56.0
59.0
59.0
59.0
61.0
61.0
61.0
64.0
64.0
64.0
65.0
65.0
65.0
68.0
68.0
68.0
71.0
71.0
71.0
74.0
74.0
74.0
77.0
77.0
77.0
80.0
80.0
80.0
83.0
83.0
83.0
84.0
84.0
84.0
84.0
84.0
84.0
86.0
86.0
86.0
89.0
89.0
89.0
92.0
92.0
92.0
95.0
95.0
95.0
98.0
98.0
98.0
101.0
101.0
101.0
104.0
104.0
104.0
107.0
107.0
107.0
110.0
110.0
110.0
111.0
111.0
111.0
111.0
111.0
111.0
111.0
111.0
111.0
114.0
114.0
114.0
117.0
117.0
117.0
120.0
120.0
120.0
123.0
123.0
123.0
126.0
126.0
126.0
129.0
129.0
129.0
132.0
132.0
132.0
135.0
135.0
135.0
138.0
138.0
138.0
141.0
141.0
141.0
144.0
144.0
144.0
147.0
147.0
147.0
150.0
150.0
150.0
153.0
153.0
153.0
156.0
156.0
156.0
159.0
159.0
159.0
159.0
159.0
159.0
159.0
159.0
159.0
159.0
159.0
159.0
159.0
159.0
159.0
159.0
159.0
159.0
