0.0
0.0
0.0
0.0
0.0
0.0
0.0
0.0
0.0
0.0
0.0
0.0
0.0
0.0
0.0
0.0
0.0
0.0
0.0
0.0
0.0
0.0
0.0
0.0
0.0
0.0
0.0
0.0
0.0
0.0
0.0
0.0
0.0
0.0
0.0
0.0
0.0
0.0
0.0
0.0
0.0
0.0
0.0
0.0
0.0
0.0
0.0
0.0
0.0
0.0
0.0
0.0
0.0
0.0
0.0
0.0
0.0
0.0
0.0
0.0
0.0
0.0
0.0
0.0
0.0
0.0
0.0
0.0
0.0
0.0
0.0
0.0
0.0
0.0
0.0
0.0
0.0
0.0
0.0
0.0
0.0
0.0
0.0
0.0
0.0
0.0
0.0
0.0
0.0
0.0
0.0
0.0
0.0
0.0
0.0
0.0
0.0
0.0
0.0
0.0
0.0
0.0
0.0
0.0
0.0
0.0
0.0
0.0
0.0
0.0
0.0
0.0
0.0
0.0
0.0
0.0
0.0
0.0
0.0
0.0
0.0
0.0
0.0
0.0
0.0
0.0
0.0
0.0
0.0
0.0
0.0
0.0
0.0
0.0
0.0
0.0
0.0
0.0
0.0
0.0
0.0
0.0
0.0
0.0
0.0
0.0
0.0
0.0
0.0
0.0
0.0
0.0
0.0
0.0
0.0
0.0
0.0
0.0
0.0
0.0
0.0
0.0
0.0
0.0
0.0
0.0
0.0
0.0
0.0
0.0
0.0
0.0
0.0
0.0
0.0
0.0
0.0
0.0
0.0
0.0
0.0
0.0
0.0
0.0
0.0
0.0
0.0
0.0
0.0
0.0
0.0
0.0
0.0
0.0
0.0
0.0
0.0
0.0
0.0
0.0
0.0
0.0
0.0
0.0
0.0
0.0
0.0
0.0
0.0
0.0
0.0
0.0
0.0
0.0
0.0
0.0
0.0
0.0
0.0
0.0
0.0
0.0
0.0
0.0
0.0
0.0
0.0
0.0
0.0
0.0
0.0
0.0
0.0
0.0
0.0
0.0
0.0
0.0
0.0
0.0
0.0
0.0
0.0
0.0
0.0
0.0
0.0
0.0
0.0
0.0
0.0
0.0
0.0
0.0
0.0
0.0
0.0
0.0
0.0
0.0
0.0
0.0
0.0
0.0
0.0
0.0
0.0
0.0
0.0
0.0
0.0
0.0
0.0
0.0
0.0
0.0
0.0
0.0
0.0
0.0
0.0
0.0
0.0
0.0
0.0
0.0
0.0
0.0
0.0
0.0
0.0
0.0
0.0
0.0
0.0
0.0
0.0
0.0
0.0
0.0
0.0
0.0
0.0
0.0
0.0
0.0
0.0
0.0
0.0
0.0
0.0
0.0
0.0
0.0
0.0
0.0
0.0
0.0
0.0
0.0
0.0
0.0
0.0
0.0
0.0
0.0
0.0
0.0
0.0
0.0
0.0
0.0
0.0
0.0
0.0
0.0
0.0
0.0
0.0
0.0
0.0
0.0
0.0
0.0
0.0
0.0
0.0
0.0
0.0
0.0
0.0
0.0
0.0
0.0
0.0
0.0
-1.0
-1.0
-1.0
-4.0
-4.0
-4.0
-7.0
-7.0
-7.0
-10.0
-10.0
-10.0
-13.0
-13.0
-13.0
-16.0
-16.0
-16.0
-19.0
-19.0
-19.0
-22.0
-22.0
-22.0
-25.0
-25.0
-25.0
-28.0
-28.0
-28.0
-30.0
-30.0
-30.0
-30.0
-30.0
-30.0
-30.0
-30.0
-30.0
-30.0
-30.0
-30.0
-30.0
-30.0
-30.0
-30.0
-30.0
-30.0
-30.0
-30.0
-30.0
-30.0
-30.0
-30.0
-30.0
-30.0
-30.0
-30.0
-30.0
-30.0
-30.0
-30.0
-30.0
-30.0
-30.0
-30.0
-30.0
-30.0
-30.0
-30.0
-30.0
-30.0
-30.0
-30.0
-30.0
-30.0
-30.0
-30.0
-30.0
-30.0
-30.0
-30.0
-30.0
-30.0
-30.0
-30.0
-30.0
-30.0
-30.0
-30.0
-30.0
-30.0
-30.0
-30.0
-30.0
-30.0
-30.0
-30.0
-30.0
-30.0
-30.0
-30.0
-30.0
-30.0
-30.0
-30.0
-30.0
-30.0
-30.0
-30.0
-30.0
-30.0
-30.0
-30.0
-30.0
-30.0
-30.0
-30.0
-30.0
-30.0
-31.0
-31.0
-31.0
-33.0
-33.0
-33.0
-36.0
-36.0
-36.0
-39.0
-39.0
-39.0
-42.0
-42.0
-42.0
-45.0
-45.0
-45.0
-48.0
-48.0
-48.0
-50.0
-50.0
-50.0
-53.0
-53.0
-53.0
-56.0
-56.0
-56.0
-59.0
-59.0
-59.0
-60.0
-60.0
-60.0
-60.0
-60.0
-60.0
-60.0
-60.0
-60.0
-60.0
-60.0
-60.0
-60.0
-60.0
-60.0
-60.0
-60.0
-60.0
-62.0
-62.0
-62.0
-64.0
-64.0
-64.0
-66.0
-66.0
-66.0
-67.0
-67.0
-67.0
-69.0
-69.0
-69.0
-71.0
-71.0
-71.0
-72.0
-72.0
-72.0
-73.0
-73.0
-73.0
-75.0
-75.0
-75.0
-77.0
-77.0
-77.0
-78.0
-78.0
-78.0
-79.0
-79.0
-79.0
-80.0
-80.0
-80.0
-81.0
-81.0
-81.0
-81.0
-81.0
-81.0
-81.0
-81.0
-81.0
-81.0
-81.0
-81.0
-81.0
-81.0
-81.0
-81.0
-81.0
-81.0
-81.0
-81.0
-81.0
-81.0
-81.0
-81.0
-81.0
-81.0
-81.0
-81.0
-81.0
-81.0
-81.0
-81.0
-81.0
-81.0
-81.0
-81.0
-81.0
-81.0
-81.0
-81.0
-81.0
-81.0
-81.0
-81.0
-81.0
-81.0
-81.0
-81.0
-81.0
-81.0
-81.0
-81.0
-81.0
-81.0
-81.0
-81.0
-81.0
-81.0
-81.0
-81.0
-81.0
-81.0
-81.0
-81.0
-81.0
-81.0
-81.0
-81.0
-81.0
-81.0
-81.0
-81.0
-81.0
-81.0
-81.0
-81.0
-81.0
-81.0
-81.0
-81.0
-81.0
-81.0
-81.0
-81.0
-81.0
-81.0
-81.0
-81.0
-81.0
-81.0
-81.0
-81.0
-81.0
-81.0
-81.0
-81.0
-81.0
-81.0
-81.0
-81.0
-81.0
-81.0
-81.0
-81.0
-81.0
-81.0
-81.0
-81.0
-81.0
-81.0
-81.0
-81.0
-81.0
-81.0
-81.0
-81.0
-81.0
-81.0
-81.0
-81.0
-81.0
-81.0
-81.0
-81.0
-81.0
-81.0
-81.0
-81.0
-81.0
-81.0
-81.0
-81.0
-81.0
-81.0
-81.0
-81.0
-81.0
-81.0
-81.0
-81.0
-81.0
-81.0
-81.0
-81.0
-81.0
-81.0
-81.0
-81.0
-81.0
-81.0
-81.0
-81.0
-81.0
-81.0
-81.0
-82.0
-82.0
-82.0
-82.0
-82.0
-82.0
-82.0
-82.0
-82.0
-82.0
-82.0
-82.0
-82.0
-82.0
-82.0
-82.0
-82.0
-82.0
-82.0
-82.0
-82.0
-82.0
-82.0
-82.0
-82.0
-82.0
-82.0
-82.0
-82.0
-82.0
-82.0
-82.0
-82.0
-82.0
-82.0
-82.0
-82.0
-82.0
-82.0
-82.0
-82.0
-82.0
-82.0
-82.0
-82.0
-82.0
-82.0
-82.0
-82.0
-82.0
-82.0
-82.0
-82.0
-82.0
-82.0
-82.0
-82.0
-82.0
-82.0
-82.0
-82.0
-82.0
-82.0
-82.0
-82.0
-82.0
-82.0
-82.0
-82.0
-82.0
-82.0
-82.0
-82.0
-82.0
-82.0
-82.0
-82.0
-82.0
-82.0
-82.0
-82.0
-82.0
-82.0
-82.0
-82.0
-82.0
-82.0
-82.0
-82.0
-82.0
-82.0
-82.0
-82.0
-82.0
-82.0
-82.0
-82.0
-82.0
-82.0
-82.0
-82.0
-82.0
-82.0
-82.0
-82.0
-82.0
-82.0
-82.0
-82.0
-82.0
-82.0
-82.0
-82.0
-82.0
-82.0
-82.0
-82.0
-82.0
-82.0
-82.0
-82.0
-82.0
-82.0
-82.0
-82.0
-82.0
-82.0
-82.0
-82.0
-83.0
-83.0
-83.0
-86.0
-86.0
-86.0
-89.0
-89.0
-89.0
-92.0
-92.0
-92.0
-95.0
-95.0
-95.0
-98.0
-98.0
-98.0
-101.0
-101.0
-101.0
-104.0
-104.0
-104.0
-107.0
-107.0
-107.0
-110.0
-110.0
-110.0
-113.0
-113.0
-113.0
-116.0
-116.0
-116.0
-119.0
-119.0
-119.0
-122.0
-122.0
-122.0
-125.0
-125.0
-125.0
-128.0
-128.0
-128.0
-131.0
-131.0
-131.0
-131.0
-131.0
-131.0
-131.0
-131.0
-131.0
-131.0
-131.0
-131.0
-131.0
-131.0
-131.0
-131.0
-131.0
-131.0
-131.0
-131.0
-131.0
-131.0
-131.0
-131.0
-131.0
-131.0
-131.0
-134.0
-134.0
-134.0
-135.0
-135.0
-135.0
-135.0
-135.0
-135.0
-135.0
-135.0
-135.0
-135.0
-135.0
-135.0
-135.0
-135.0
-135.0
-135.0
-135.0
-135.0
-135.0
-135.0
-135.0
-135.0
-135.0
-135.0
-135.0
-135.0
-135.0
-135.0
-135.0
-135.0
-135.0
-135.0
-135.0
-135.0
-135.0
-135.0
-135.0
-135.0
-135.0
-135.0
-135.0
-135.0
-135.0
-135.0
-135.0
-135.0
-135.0
-135.0
-135.0
-135.0
-135.0
-135.0
-135.0
-135.0
-135.0
-135.0
-135.0
-135.0
-135.0
-135.0
-135.0
-135.0
-135.0
-135.0
-135.0
-135.0
-135.0
-135.0
-135.0
-135.0
-135.0
-135.0
-135.0
-135.0
-135.0
-135.0
-135.0
-135.0
-135.0
-135.0
-135.0
-135.0
-135.0
-135.0
-135.0
-135.0
-135.0
-135.0
-135.0
-135.0
-135.0
-135.0
-135.0
-135.0
-135.0
-135.0
-135.0
-135.0
-135.0
-135.0
-135.0
-135.0
-135.0
-135.0
-135.0
-135.0
-135.0
-135.0
-135.0
-135.0
-135.0
-135.0
-135.0
-135.0
-135.0
-135.0
-135.0
-135.0
-135.0
-135.0
-135.0
-135.0
-135.0
-135.0
-135.0
-135.0
-135.0
-135.0
-135.0
-135.0
-135.0
-135.0
-135.0
-135.0
-135.0
-135.0
-135.0
-135.0
-135.0
-135.0
-135.0
-135.0
-135.0
-135.0
-135.0
-135.0
-135.0
-135.0
-135.0
-135.0
-135.0
-135.0
-135.0
-135.0
-135.0
-135.0
-135.0
-135.0
-135.0
-135.0
-135.0
-135.0
-135.0
-135.0
-135.0
-135.0
-135.0
-135.0
-135.0
-135.0
-135.0
-135.0
-135.0
-135.0
-135.0
-135.0
-135.0
-135.0
-135.0
-135.0
-135.0
-135.0
-135.0
-135.0
-135.0
-135.0
-135.0
-135.0
-135.0
-135.0
-135.0
-135.0
-135.0
-135.0
-135.0
-135.0
-135.0
-135.0
-135.0
-135.0
-135.0
-135.0
-135.0
-135.0
-135.0
-135.0
-135.0
-135.0
-135.0
-135.0
-135.0
-135.0
-135.0
-135.0
-135.0
-135.0
-135.0
-135.0
-135.0
-135.0
-135.0
-135.0
-135.0
-135.0
-135.0
-135.0
-135.0
-135.0
-135.0
-135.0
-135.0
-135.0
-135.0
-135.0
-135.0
-135.0
-135.0
-135.0
-135.0
-135.0
-135.0
-135.0
-135.0
-135.0
-135.0
-135.0
-135.0
-135.0
-135.0
-135.0
-135.0
-135.0
-135.0
-135.0
-135.0
-135.0
-135.0
-135.0
-135.0
-135.0
-135.0
-135.0
-135.0
-135.0
-135.0
-135.0
-135.0
-135.0
-135.0
-135.0
-135.0
-135.0
-135.0
-135.0
-135.0
-135.0
-135.0
-135.0
-135.0
-135.0
-135.0
-135.0
-135.0
-135.0
-135.0
-135.0
-135.0
-135.0
-135.0
-135.0
-135.0
-135.0
-135.0
-135.0
-135.0
-135.0
-135.0
-135.0
-135.0
-135.0
-135.0
-135.0
-135.0
-135.0
-135.0
-135.0
-135.0
-135.0
-135.0
-135.0
-135.0
-135.0
-135.0
-135.0
-135.0
-135.0
-135.0
-135.0
-135.0
-135.0
-135.0
-135.0
-135.0
-135.0
-135.0
-135.0
-135.0
-135.0
-135.0
-135.0
-135.0
-135.0
-135.0
-135.0
-135.0
-135.0
-135.0
-135.0
-135.0
-135.0
-135.0
-135.0
-135.0
-135.0
-135.0
-135.0
-135.0
-135.0
-135.0
-135.0
-135.0
-135.0
-135.0
-135.0
-135.0
-135.0
-135.0
-135.0
-135.0
-135.0
-135.0
-135.0
-135.0
-135.0
-135.0
-135.0
-135.0
-135.0
-135.0
-135.0
-135.0
-135.0
-135.0
-135.0
-135.0
-135.0
-135.0
-135.0
-135.0
-135.0
-135.0
-135.0
-135.0
-135.0
-135.0
-135.0
-135.0
-135.0
-135.0
-135.0
-135.0
-135.0
-135.0
-135.0
-135.0
-135.0
-135.0
-135.0
-135.0
-135.0
-135.0
-135.0
-135.0
-135.0
-135.0
-135.0
-135.0
-135.0
-135.0
-135.0
-135.0
-135.0
-135.0
-135.0
-135.0
-135.0
-135.0
-135.0
-135.0
-135.0
-135.0
-135.0
-135.0
-135.0
-135.0
-135.0
-135.0
-135.0
-135.0
-135.0
-135.0
-135.0
-135.0
-135.0
-135.0
-135.0
-135.0
-135.0
-135.0
-135.0
-135.0
-135.0
-135.0
-135.0
-135.0
-135.0
-135.0
-135.0
-135.0
-135.0
-135.0
-135.0
-135.0
-135.0
-135.0
-135.0
