0.0
0.0
0.0
0.0
0.0
0.0
0.0
0.0
0.0
0.0
0.0
0.0
0.0
0.0
0.0
0.0
0.0
0.0
0.0
0.0
0.0
0.0
0.0
3.0
3.0
3.0
3.0
3.0
3.0
3.0
3.0
3.0
3.0
3.0
3.0
3.0
3.0
3.0
3.0
3.0
3.0
3.0
3.0
3.0
3.0
3.0
3.0
3.0
3.0
3.0
3.0
3.0
3.0
3.0
3.0
3.0
3.0
3.0
3.0
3.0
3.0
3.0
3.0
3.0
3.0
3.0
3.0
3.0
3.0
3.0
3.0
3.0
3.0
3.0
3.0
3.0
3.0
3.0
3.0
3.0
3.0
3.0
3.0
3.0
3.0
3.0
3.0
3.0
3.0
3.0
3.0
3.0
3.0
3.0
3.0
3.0
3.0
3.0
3.0
3.0
3.0
3.0
3.0
3.0
3.0
3.0
3.0
3.0
3.0
3.0
3.0
3.0
3.0
3.0
3.0
3.0
3.0
3.0
3.0
3.0
3.0
3.0
3.0
3.0
3.0
3.0
3.0
3.0
3.0
3.0
3.0
3.0
3.0
3.0
3.0
3.0
3.0
3.0
3.0
3.0
3.0
3.0
3.0
4.0
4.0
4.0
7.0
7.0
7.0
10.0
10.0
10.0
13.0
13.0
13.0
16.0
16.0
16.0
19.0
19.0
19.0
22.0
22.0
22.0
25.0
25.0
25.0
28.0
28.0
28.0
31.0
31.0
31.0
33.0
33.0
33.0
33.0
33.0
33.0
33.0
33.0
33.0
33.0
33.0
33.0
33.0
33.0
33.0
33.0
33.0
33.0
33.0
33.0
33.0
33.0
33.0
33.0
33.0
33.0
33.0
33.0
33.0
33.0
33.0
33.0
33.0
36.0
36.0
36.0
39.0
39.0
39.0
42.0
42.0
42.0
45.0
45.0
45.0
45.0
45.0
45.0
45.0
45.0
45.0
45.0
45.0
45.0
45.0
45.0
45.0
45.0
45.0
45.0
45.0
45.0
45.0
45.0
45.0
45.0
45.0
45.0
45.0
45.0
45.0
45.0
45.0
45.0
45.0
45.0
45.0
45.0
45.0
45.0
45.0
45.0
45.0
45.0
46.0
46.0
46.0
49.0
49.0
49.0
52.0
52.0
52.0
55.0
55.0
55.0
58.0
58.0
58.0
61.0
61.0
61.0
64.0
64.0
64.0
67.0
67.0
67.0
70.0
70.0
70.0
73.0
73.0
73.0
76.0
76.0
76.0
79.0
79.0
79.0
79.0
79.0
79.0
79.0
79.0
79.0
79.0
79.0
79.0
79.0
79.0
79.0
79.0
79.0
79.0
79.0
79.0
79.0
79.0
79.0
79.0
79.0
79.0
79.0
79.0
79.0
79.0
79.0
79.0
79.0
79.0
79.0
79.0
79.0
79.0
79.0
79.0
79.0
79.0
79.0
79.0
79.0
79.0
79.0
79.0
79.0
79.0
79.0
79.0
79.0
79.0
82.0
82.0
82.0
85.0
85.0
85.0
88.0
88.0
88.0
91.0
91.0
91.0
94.0
94.0
94.0
97.0
97.0
97.0
100.0
100.0
100.0
101.0
101.0
101.0
101.0
101.0
101.0
101.0
101.0
101.0
101.0
101.0
101.0
101.0
101.0
101.0
101.0
101.0
101.0
104.0
104.0
104.0
107.0
107.0
107.0
110.0
110.0
110.0
113.0
113.0
113.0
116.0
116.0
116.0
119.0
119.0
119.0
122.0
122.0
122.0
125.0
125.0
125.0
128.0
128.0
128.0
131.0
131.0
131.0
134.0
134.0
134.0
137.0
137.0
137.0
140.0
140.0
140.0
143.0
143.0
143.0
146.0
146.0
146.0
149.0
149.0
149.0
152.0
152.0
152.0
155.0
155.0
155.0
158.0
158.0
158.0
161.0
161.0
161.0
164.0
164.0
164.0
167.0
167.0
167.0
170.0
170.0
170.0
173.0
173.0
173.0
176.0
176.0
176.0
179.0
179.0
179.0
182.0
182.0
182.0
184.0
184.0
184.0
184.0
184.0
184.0
184.0
184.0
184.0
184.0
184.0
184.0
184.0
184.0
184.0
184.0
184.0
184.0
184.0
184.0
184.0
184.0
184.0
184.0
184.0
184.0
184.0
184.0
184.0
184.0
184.0
184.0
184.0
184.0
184.0
184.0
184.0
184.0
184.0
184.0
184.0
184.0
184.0
184.0
184.0
184.0
184.0
184.0
184.0
184.0
184.0
184.0
184.0
184.0
184.0
184.0
184.0
184.0
184.0
184.0
184.0
184.0
184.0
184.0
184.0
184.0
184.0
184.0
184.0
184.0
184.0
184.0
184.0
184.0
184.0
184.0
184.0
184.0
187.0
187.0
187.0
190.0
190.0
190.0
193.0
193.0
193.0
194.0
194.0
194.0
194.0
194.0
194.0
194.0
194.0
194.0
194.0
194.0
194.0
194.0
194.0
194.0
194.0
194.0
194.0
194.0
194.0
194.0
194.0
194.0
194.0
195.0
195.0
195.0
198.0
198.0
198.0
201.0
201.0
201.0
201.0
201.0
201.0
201.0
201.0
201.0
201.0
201.0
201.0
201.0
201.0
201.0
201.0
201.0
201.0
201.0
201.0
201.0
201.0
201.0
201.0
201.0
201.0
201.0
201.0
201.0
201.0
203.0
203.0
203.0
206.0
206.0
206.0
209.0
209.0
209.0
212.0
212.0
212.0
215.0
215.0
215.0
218.0
218.0
218.0
218.0
218.0
218.0
218.0
218.0
218.0
218.0
218.0
218.0
218.0
218.0
218.0
218.0
218.0
218.0
218.0
218.0
218.0
218.0
218.0
218.0
218.0
218.0
218.0
218.0
218.0
218.0
218.0
218.0
218.0
218.0
218.0
218.0
218.0
218.0
218.0
218.0
218.0
218.0
218.0
218.0
218.0
220.0
220.0
220.0
223.0
223.0
223.0
226.0
226.0
226.0
229.0
229.0
229.0
232.0
232.0
232.0
232.0
232.0
232.0
232.0
232.0
232.0
232.0
232.0
232.0
232.0
232.0
232.0
232.0
232.0
232.0
232.0
232.0
232.0
232.0
232.0
232.0
232.0
232.0
232.0
232.0
232.0
232.0
232.0
232.0
232.0
232.0
232.0
232.0
232.0
232.0
232.0
232.0
232.0
232.0
232.0
232.0
232.0
232.0
232.0
232.0
232.0
232.0
232.0
232.0
232.0
232.0
232.0
232.0
232.0
232.0
232.0
232.0
232.0
232.0
234.0
234.0
234.0
237.0
237.0
237.0
240.0
240.0
240.0
243.0
243.0
243.0
243.0
243.0
243.0
243.0
243.0
243.0
243.0
243.0
243.0
243.0
243.0
243.0
243.0
243.0
243.0
243.0
243.0
243.0
243.0
243.0
243.0
243.0
243.0
243.0
243.0
243.0
243.0
243.0
243.0
243.0
243.0
243.0
243.0
243.0
243.0
243.0
244.0
244.0
244.0
244.0
244.0
244.0
244.0
244.0
244.0
242.0
242.0
242.0
239.0
239.0
239.0
236.0
236.0
236.0
233.0
233.0
233.0
230.0
230.0
230.0
228.0
228.0
228.0
228.0
228.0
228.0
228.0
228.0
228.0
228.0
228.0
228.0
225.0
225.0
225.0
222.0
222.0
222.0
219.0
219.0
219.0
216.0
216.0
216.0
215.0
215.0
215.0
215.0
215.0
215.0
215.0
215.0
215.0
215.0
215.0
215.0
215.0
215.0
215.0
214.0
214.0
214.0
211.0
211.0
211.0
209.0
209.0
209.0
209.0
209.0
209.0
209.0
209.0
209.0
209.0
209.0
209.0
209.0
209.0
209.0
209.0
209.0
209.0
209.0
209.0
209.0
209.0
209.0
209.0
209.0
209.0
209.0
209.0
209.0
209.0
209.0
209.0
209.0
209.0
209.0
209.0
209.0
209.0
209.0
209.0
209.0
209.0
209.0
209.0
209.0
209.0
209.0
209.0
209.0
209.0
209.0
209.0
209.0
209.0
209.0
209.0
209.0
209.0
209.0
209.0
209.0
209.0
209.0
209.0
209.0
209.0
209.0
209.0
209.0
209.0
209.0
209.0
208.0
208.0
208.0
206.0
206.0
206.0
205.0
205.0
205.0
205.0
205.0
205.0
202.0
202.0
202.0
200.0
200.0
200.0
197.0
197.0
197.0
195.0
195.0
195.0
195.0
195.0
195.0
193.0
193.0
193.0
192.0
192.0
192.0
190.0
190.0
190.0
189.0
189.0
189.0
188.0
188.0
188.0
188.0
188.0
188.0
188.0
188.0
188.0
188.0
188.0
188.0
188.0
188.0
188.0
188.0
188.0
188.0
188.0
188.0
188.0
188.0
188.0
188.0
188.0
188.0
188.0
188.0
188.0
188.0
188.0
188.0
188.0
188.0
188.0
188.0
188.0
188.0
188.0
190.0
190.0
190.0
193.0
193.0
193.0
196.0
196.0
196.0
196.0
196.0
196.0
196.0
196.0
196.0
196.0
196.0
196.0
196.0
196.0
196.0
196.0
196.0
196.0
196.0
196.0
196.0
196.0
196.0
196.0
197.0
197.0
197.0
200.0
200.0
200.0
203.0
203.0
203.0
206.0
206.0
206.0
209.0
209.0
209.0
209.0
209.0
209.0
209.0
209.0
209.0
209.0
209.0
209.0
209.0
209.0
209.0
209.0
209.0
209.0
209.0
209.0
209.0
209.0
209.0
209.0
209.0
209.0
209.0
209.0
209.0
209.0
209.0
209.0
209.0
211.0
211.0
211.0
212.0
212.0
212.0
212.0
212.0
212.0
212.0
212.0
212.0
212.0
212.0
212.0
212.0
212.0
212.0
212.0
212.0
212.0
212.0
212.0
212.0
212.0
212.0
212.0
212.0
212.0
212.0
212.0
212.0
212.0
212.0
212.0
212.0
214.0
214.0
214.0
217.0
217.0
217.0
220.0
220.0
220.0
223.0
223.0
223.0
226.0
226.0
226.0
229.0
229.0
229.0
232.0
232.0
232.0
233.0
233.0
233.0
233.0
233.0
233.0
233.0
233.0
233.0
233.0
233.0
233.0
233.0
233.0
233.0
233.0
233.0
233.0
233.0
233.0
233.0
235.0
235.0
235.0
238.0
238.0
238.0
241.0
241.0
241.0
244.0
244.0
244.0
247.0
247.0
247.0
250.0
250.0
250.0
253.0
253.0
253.0
256.0
256.0
256.0
259.0
259.0
259.0
262.0
262.0
262.0
263.0
263.0
263.0
263.0
263.0
263.0
263.0
263.0
263.0
263.0
263.0
263.0
263.0
263.0
263.0
263.0
263.0
263.0
263.0
263.0
263.0
263.0
263.0
263.0
263.0
263.0
263.0
263.0
263.0
263.0
263.0
263.0
263.0
263.0
263.0
263.0
263.0
263.0
263.0
263.0
263.0
263.0
263.0
263.0
263.0
263.0
263.0
263.0
263.0
263.0
263.0
263.0
263.0
263.0
263.0
263.0
263.0
263.0
263.0
263.0
263.0
263.0
263.0
263.0
263.0
263.0
263.0
263.0
263.0
263.0
263.0
263.0
263.0
263.0
263.0
261.0
261.0
261.0
259.0
259.0
259.0
258.0
258.0
258.0
256.0
256.0
256.0
255.0
255.0
255.0
253.0
253.0
253.0
250.0
250.0
250.0
248.0
248.0
248.0
247.0
247.0
247.0
245.0
245.0
245.0
244.0
244.0
244.0
243.0
243.0
243.0
242.0
242.0
242.0
240.0
240.0
240.0
238.0
238.0
238.0
235.0
235.0
235.0
235.0
235.0
235.0
235.0
235.0
235.0
235.0
235.0
235.0
235.0
235.0
235.0
235.0
235.0
235.0
235.0
235.0
235.0
235.0
235.0
235.0
237.0
237.0
237.0
240.0
240.0
240.0
243.0
243.0
243.0
246.0
246.0
246.0
249.0
249.0
249.0
252.0
252.0
252.0
255.0
255.0
255.0
258.0
258.0
258.0
261.0
261.0
261.0
264.0
264.0
264.0
267.0
267.0
267.0
270.0
270.0
270.0
273.0
273.0
273.0
