0
0
0
0
0
0
0
0
0
0
0
0
0
0
0
0
0
0
0
0
0
0
0
0
0
0
0
0
0
0
0
0
0
0
0
0
0
0
0
0
0
0
0
2
4
4
4
4
4
4
4
4
4
4
4
4
4
4
4
4
4
4
4
4
4
4
4
4
4
4
4
4
3
0
-3
-6
-9
-12
-12
-12
-12
-12
-12
-12
-12
-13
-16
-19
-22
-25
-28
-29
-29
-29
-29
-29
-29
-29
-31
-34
-37
-40
-42
-42
-42
-42
-42
-43
-46
-49
-52
-55
-58
-60
-60
-60
-61
-64
-67
-70
-73
-76
-79
-82
-85
-88
-91
-93
-93
-93
-93
-93
-93
-93
-93
-93
-93
-93
-93
-93
-93
-93
-93
-93
-93
-93
-93
-93
-92
-89
-86
-83
-80
-77
-76
-76
-76
-76
-76
-76
-76
-76
-76
-76
-76
-76
-76
-76
-76
-76
-76
-76
-76
-76
-76
-79
-82
-85
-88
-91
-94
-97
-97
-97
-97
-97
-97
-97
-97
-97
-97
-97
-97
-97
-97
-97
-97
-97
-97
-97
-97
-97
-97
-97
-97
-97
-97
-97
-97
-97
-97
-97
-97
-97
-97
-97
-97
-97
-97
-97
-97
-97
-97
-97
-97
-97
-97
-97
-97
-96
-93
-90
-87
-84
-81
-78
-75
-72
-69
-66
-63
-61
-61
-61
-61
-61
-61
-61
-61
-59
-56
-53
-50
-47
-44
-41
-40
-40
-40
-40
-40
-40
-40
-40
-40
-40
-40
-40
-40
-40
-40
-40
-40
-40
-40
-40
-40
-40
-40
-40
-40
-40
-40
-40
-40
-40
-40
-40
-40
-40
-40
-40
-40
-40
-40
-38
-35
-32
-29
-26
-23
-20
-17
-14
-11
-8
-5
-2
1
4
7
8
8
8
8
8
8
8
8
8
8
8
8
8
8
8
8
8
8
8
8
8
8
8
8
8
8
8
8
8
8
8
8
8
8
8
8
8
8
8
8
8
8
8
8
8
8
8
9
12
15
18
21
24
27
30
33
36
39
42
45
