0
0
0
0
0
0
0
0
-2
-3
-3
-3
-2
0
0
0
0
0
0
0
0
0
0
0
0
0
0
0
0
0
0
0
0
0
0
-1
-4
-7
-8
-8
-8
-8
-8
-8
-8
-9
-9
-10
-13
-14
-16
-18
-19
-19
-21
-22
-22
-22
-22
-23
-23
-25
-25
-28
-31
-34
-34
-34
-34
-34
-34
-34
-34
-34
-34
-34
-34
-35
-35
-35
-35
-36
-36
-37
-39
-39
-39
-42
-42
-42
-42
-42
-42
-42
-42
-42
-42
-42
-45
-45
-45
-45
-45
-45
-45
-45
-45
-45
-45
-45
-45
-45
-45
-45
-45
-45
-45
-45
-45
-45
-45
-45
-45
-45
-45
-45
-45
-45
-45
-45
-45
-45
-45
-45
-45
-45
-45
-45
-45
-48
-51
-51
-51
-51
-54
-56
-56
-56
-56
-57
-59
-59
-59
-59
-59
-59
-59
-59
-59
-59
-59
-59
-59
-59
-59
-59
-59
-59
-59
-59
-59
-59
-59
-59
-59
-59
-59
-59
-59
-59
-59
-59
-59
-59
-59
-59
-59
-62
-62
-62
-62
-62
-62
-62
-62
-62
-62
-62
-62
-62
-62
-62
-62
-62
-62
-64
-66
-66
-66
-68
-71
-72
-72
-74
-77
-79
-79
-82
-85
-86
-86
-87
-90
-90
-90
-90
-90
-93
-96
-99
-100
-100
-100
-100
-100
-100
-100
-100
-101
-103
-103
-103
-105
-106
-106
-106
-108
-110
