0
0
0
0
0
0
0
0
0
0
0
0
0
0
0
0
0
-2
-5
-6
-6
-6
-5
-4
-2
0
2
4
7
8
8
11
14
17
20
23
26
29
30
30
30
30
28
26
24
22
20
18
17
15
12
9
7
4
1
-1
-4
-7
-9
-10
-7
-4
-1
2
5
8
11
14
17
20
23
26
29
31
34
37
40
43
46
49
52
55
58
61
64
67
70
73
76
78
81
84
87
90
93
96
99
102
105
108
111
114
117
120
123
126
129
132
135
138
141
144
147
150
153
156
159
162
165
168
171
174
177
180
183
186
189
192
195
198
201
204
207
210
213
216
219
222
225
228
227
224
221
218
215
212
209
206
203
200
197
195
195
197
200
203
205
