0
0
0
0
0
0
0
0
0
0
0
0
0
0
0
0
0
0
0
0
0
0
0
0
0
0
0
0
0
0
0
0
0
0
0
-1
-4
-6
-6
-6
-6
-6
-6
-6
-6
-6
-6
-6
-9
-12
-15
-15
-15
-15
-15
-17
-20
-23
-25
-25
-25
-25
-28
-31
-32
-32
-32
-32
-34
-34
-34
-34
-34
-34
-34
-34
-34
-34
-34
-34
-34
-34
-36
-36
-37
-40
-43
-44
-44
-44
-44
-44
-44
-43
-40
-37
-34
-31
-29
-29
-29
-29
-29
-29
-26
-24
-24
-24
-22
-19
-19
-19
-16
-13
-10
-7
-7
-7
-7
-6
-3
-2
-2
-2
-2
-2
-2
-2
-2
-2
-2
-2
-2
-2
-2
-2
-2
-2
-2
-2
-2
-2
-2
-2
-2
-5
-8
-10
-10
-10
-12
-15
-16
-16
-18
-20
-20
-20
-22
-22
-19
-16
-13
-11
-11
-9
-6
-3
0
3
6
9
12
15
18
20
20
20
20
20
20
20
20
20
17
15
15
15
14
11
9
9
6
3
0
-3
-6
-9
-12
-15
-18
-21
-24
-27
-30
-33
-36
-39
-42
-45
-48
-51
-54
-57
-60
-63
-66
-69
-72
-75
-78
-81
-84
-87
-90
-93
-96
-99
-102
-105
-108
-111
-114
-117
-120
-123
-126
-128
-128
-129
-132
-135
-138
-141
-144
-147
-150
-153
-156
-159
-162
-165
-168
-171
-174
-177
-180
-183
-186
-186
-186
-186
-186
-186
-186
-186
-186
-186
-186
-186
-186
-186
-186
-186
-186
-187
-190
-193
-196
-199
-202
-205
-208
-211
-211
-213
-216
-219
