0
0
0
0
0
0
0
0
0
0
0
0
0
0
2
5
8
11
11
11
11
11
11
11
14
17
20
23
25
25
25
25
25
27
29
29
32
34
35
35
35
36
39
41
43
44
47
50
53
56
59
62
63
63
63
63
63
63
63
63
63
63
63
63
63
63
63
63
63
63
63
63
63
63
63
63
63
63
63
63
63
63
60
57
56
56
54
51
48
45
43
43
43
43
43
43
43
43
43
43
43
43
43
43
43
43
43
43
43
43
43
43
43
43
43
43
43
43
43
43
43
43
43
43
43
43
43
43
43
43
43
43
43
43
43
43
43
43
43
43
43
43
43
43
45
45
45
45
45
45
45
45
45
45
47
50
53
56
59
61
61
61
61
61
61
61
61
61
61
61
61
61
61
61
61
61
61
61
61
61
61
61
61
61
61
61
61
61
61
61
61
61
61
61
64
67
