0
0
0
0
0
0
0
0
0
3
6
8
8
8
8
8
9
12
15
18
21
24
27
30
32
35
38
41
44
47
50
53
56
59
62
65
68
71
74
77
80
83
86
89
92
95
97
99
101
103
106
109
112
114
117
120
123
126
129
132
135
138
141
144
146
149
151
153
156
158
161
163
166
168
170
172
175
178
181
184
186
188
191
192
194
197
200
200
200
200
200
200
200
200
200
197
194
191
188
187
187
189
192
195
197
200
203
205
208
211
214
217
220
223
226
229
232
235
238
239
239
236
233
230
227
224
223
223
223
225
227
229
232
235
237
239
242
245
248
251
254
257
259
261
264
267
270
273
276
279
282
284
287
290
293
296
299
302
305
308
311
313
316
319
322
325
328
331
334
337
340
343
346
349
352
355
358
361
364
365
365
365
365
368
371
374
377
380
383
386
388
391
394
397
400
402
404
407
410
412
415
418
421
424
427
430
433
436
439
441
443
445
448
448
448
448
448
448
448
448
448
450
