0
0
0
0
0
0
0
0
0
0
0
0
0
0
0
0
0
0
0
0
0
0
0
0
0
0
0
2
2
2
2
4
5
5
5
5
6
8
8
8
8
8
10
11
11
11
11
11
11
11
11
11
11
11
11
11
13
14
14
16
16
16
16
16
18
18
18
20
21
21
21
21
21
21
21
21
21
21
21
21
21
21
21
21
21
21
21
21
21
21
21
21
21
21
21
21
21
21
21
21
21
21
21
21
21
21
21
21
21
21
21
21
21
21
21
21
21
21
21
21
21
21
21
21
21
21
21
21
21
21
21
21
21
21
21
21
21
23
24
24
24
24
26
26
26
26
26
26
26
26
26
26
26
26
26
26
27
29
29
30
32
32
32
32
32
32
32
32
32
32
32
32
32
32
32
32
32
32
32
32
32
32
32
32
32
32
32
32
32
32
32
32
32
32
32
35
38
41
44
47
50
53
56
59
62
65
66
66
66
66
66
66
