0
0
0
0
0
0
0
0
0
0
0
0
0
0
0
0
0
0
0
0
0
0
0
0
-1
-4
-7
-10
-12
-12
-12
-12
-12
-14
-15
-15
-16
-16
-17
-17
-17
-17
-17
-17
-17
-17
-17
-17
-17
-17
-17
-17
-17
-17
-17
-17
-17
-19
-22
-25
-28
-31
-34
-37
-40
-41
-41
-41
-41
-43
-46
-49
-52
-55
-58
-61
-64
-67
-70
-73
-76
-77
-77
-77
-77
-77
-79
-82
-85
-88
-91
-93
-93
-93
-94
-95
-97
-98
-98
-98
-100
-101
-102
-103
-103
-104
-105
-105
-107
-107
-107
-107
-107
-107
-107
-107
-107
-107
-107
-107
-107
-107
-107
-109
-112
-115
-118
-121
-124
-126
-126
-126
-126
-126
-126
-126
-126
-126
-126
-126
-126
-126
-126
-126
-129
-131
-131
-131
-131
-131
-134
-137
-140
-143
-146
-149
-152
-155
-158
-161
-164
-167
-170
-173
-176
-179
-182
-185
-188
-191
