0
0
0
0
0
0
0
0
0
0
0
0
0
0
0
0
0
0
0
0
0
1
2
2
3
4
5
7
8
9
11
14
17
20
23
26
29
32
35
38
41
44
47
50
53
56
59
62
65
68
71
74
77
80
83
85
88
91
94
97
100
103
106
109
112
115
118
121
124
127
130
133
136
139
142
145
148
151
154
157
160
163
166
169
172
175
178
181
184
187
190
193
196
199
202
205
208
211
213
215
218
221
224
225
225
225
225
228
229
229
229
229
229
229
229
229
229
229
229
229
232
234
234
236
236
238
239
239
241
242
243
244
247
248
248
248
249
250
250
252
254
255
256
256
258
259
259
259
260
261
261
262
263
264
265
266
266
266
267
268
268
269
270
272
275
278
281
284
287
290
293
296
299
302
305
308
311
314
317
320
323
326
329
332
335
338
341
344
347
350
353
356
359
362
365
368
371
374
377
380
383
386
389
392
395
398
401
404
407
410
413
416
419
422
425
428
430
433
436
439
442
445
448
451
454
457
460
463
466
469
472
475
478
481
482
484
485
487
488
490
492
495
498
501
504
507
510
513
516
519
522
525
528
531
534
537
539
541
543
544
547
550
552
555
558
560
562
565
568
571
574
577
580
583
586
589
592
595
598
601
604
607
610
613
616
619
622
625
628
629
629
631
633
636
639
642
645
648
651
653
655
658
661
664
667
670
673
676
679
682
685
688
691
694
697
700
703
706
709
712
715
718
721
724
727
730
733
736
739
742
744
747
750
753
756
758
761
764
767
770
773
776
779
782
785
788
791
794
797
800
803
806
809
812
814
812
809
809
809
807
807
804
802
801
800
800
799
798
798
798
798
798
798
798
800
803
806
809
812
815
818
821
824
827
830
833
836
839
842
845
848
851
854
857
860
863
866
869
872
875
878
881
884
887
890
893
896
899
902
905
908
911
914
917
919
922
925
928
931
934
937
940
943
946
949
952
955
958
961
964
967
970
973
976
979
982
985
988
991
994
997
1000
1003
1006
1009
1012
1015
1018
1021
1024
1027
1029
1032
1035
1038
1041
1044
1047
1050
1053
1056
1059
1062
1065
1068
1071
1074
1077
1080
1082
1085
1088
1091
1094
1097
1100
1103
1106
1109
1112
1115
1118
1121
1124
1127
1130
1133
1136
1139
1142
1145
1148
1151
1154
1157
1160
1163
1166
1169
1172
1175
1178
1181
1184
1187
1188
1190
1192
1195
1197
1200
1203
1206
1209
1212
1214
1216
1217
1220
1223
1226
1229
1232
1235
1238
1241
1244
1247
1250
1253
1256
1259
1262
1265
1268
1271
1274
1277
1280
1283
1286
1288
1291
1294
1297
1300
1303
1306
1309
1312
1315
1318
1321
1324
1327
1330
1333
