0
0
0
0
0
0
0
0
0
0
0
0
0
0
0
0
0
0
0
0
0
0
0
0
0
0
0
0
0
0
0
0
0
0
0
0
0
0
0
0
0
0
1
4
7
10
13
16
19
22
25
28
31
34
37
40
43
46
49
51
51
51
51
51
51
51
51
51
52
55
58
58
58
58
58
58
58
61
64
67
70
73
76
76
76
76
76
76
76
76
76
76
76
76
76
76
76
76
78
81
84
87
90
90
90
90
90
89
87
87
87
87
87
87
87
88
91
94
97
100
103
106
109
112
114
114
114
114
114
114
114
114
114
114
114
114
114
114
115
118
120
123
126
129
132
135
136
136
136
136
136
136
136
136
136
136
136
136
136
136
136
136
136
136
136
136
136
134
134
134
133
133
130
129
128
127
126
123
120
117
116
115
115
115
115
115
114
111
108
105
102
99
98
98
98
98
98
98
98
98
98
98
98
98
98
98
98
98
98
98
98
98
98
98
98
98
98
98
98
98
98
98
98
98
98
98
98
98
98
98
98
98
98
98
98
98
98
98
98
98
98
98
98
98
98
98
100
103
