0
0
0
0
0
0
0
0
0
0
0
0
0
0
0
0
0
0
0
0
0
0
0
0
0
0
0
0
0
0
0
0
0
0
0
0
0
0
0
0
0
0
0
0
0
0
3
5
5
5
5
5
5
5
5
5
5
5
5
5
5
5
5
4
7
10
13
16
19
22
23
20
17
14
11
8
5
2
-1
-4
-4
-4
-4
-4
-4
-4
-4
-4
-7
-10
-13
-16
-19
-22
-25
-28
-31
-34
-37
-40
-43
-46
-49
-52
-55
-58
-61
-64
-67
-70
-70
-70
-67
-64
-61
-58
-55
-52
-49
-46
-43
-40
-37
-34
-31
-28
-25
-22
-19
-16
-13
-10
-7
-4
-1
2
5
8
11
14
17
20
23
26
29
32
35
38
41
44
47
50
53
54
54
54
54
54
54
54
54
54
54
54
54
54
54
54
54
54
54
54
54
54
54
54
54
54
54
54
54
54
54
54
54
54
54
54
54
54
54
54
54
54
54
54
54
54
54
54
54
54
54
54
54
54
51
48
45
42
39
36
33
30
27
24
21
18
16
16
16
16
16
16
16
16
16
16
16
16
16
16
16
16
16
16
16
16
13
10
7
4
1
-2
-5
-8
-11
-14
-17
-20
-23
-26
-29
-32
-35
-38
-41
-44
-47
-50
-53
-56
-59
-62
-62
-62
-62
-62
-62
