0
0
0
0
0
0
0
0
0
0
0
0
0
0
0
0
0
0
0
1
4
6
6
6
6
6
6
6
6
6
6
6
6
6
6
6
6
6
6
6
6
6
6
6
6
6
8
9
9
9
9
9
12
15
18
20
20
20
20
20
23
25
25
26
28
28
28
28
28
28
28
28
28
28
28
28
28
28
28
28
28
28
28
28
28
28
28
28
28
28
28
28
28
28
28
28
28
28
28
28
28
28
28
30
31
31
31
31
31
32
32
34
35
35
35
36
39
40
40
40
40
40
40
40
40
40
40
40
40
40
40
40
40
40
40
40
40
40
38
35
32
29
27
27
27
27
27
27
27
27
27
27
27
27
27
27
27
27
27
27
27
27
27
27
27
27
27
27
27
27
27
27
27
27
27
27
27
27
27
27
27
27
27
27
27
27
27
27
27
27
27
27
27
27
27
27
27
28
31
31
31
31
31
32
35
38
40
40
40
40
40
41
44
46
46
46
46
46
46
46
46
46
46
46
46
46
46
46
46
46
48
51
54
56
56
56
56
56
56
56
56
56
56
56
54
54
54
54
54
54
54
54
54
54
54
54
54
54
54
54
54
54
54
54
54
53
50
49
49
49
49
52
55
56
56
56
56
56
56
56
56
