0
0
0
0
0
0
0
0
0
0
0
0
0
0
0
0
0
0
0
0
0
0
0
0
0
0
0
0
0
0
0
0
0
0
0
0
0
0
0
0
0
0
0
0
0
0
0
0
0
0
0
0
0
0
0
0
0
0
0
0
0
0
0
0
0
0
0
0
0
0
0
0
0
0
0
0
0
0
0
0
0
0
0
0
0
0
0
0
0
0
0
0
0
0
0
0
0
0
0
0
0
0
0
0
0
0
0
0
0
0
0
0
0
0
0
0
0
0
0
0
0
0
0
0
0
0
0
0
0
0
0
0
0
0
0
0
0
0
0
0
0
-3
-6
-9
-12
-15
-18
-21
-24
-25
-26
-29
-32
-35
-38
-41
-44
-47
-50
-53
-56
-59
-62
-65
-68
-71
-74
-77
-80
-83
-86
-89
-92
-95
-98
-101
-104
-107
-110
-110
-110
-110
-110
-110
-110
-110
-110
-110
-110
-111
-114
-117
-118
-116
-113
-110
-107
-104
-101
-98
-95
-92
-89
-86
-83
-80
-77
-74
-71
-68
-65
-62
-59
-56
-53
-50
-47
-46
-46
-46
-46
-46
-46
-46
-46
-47
-50
-50
-50
-50
-50
-50
-50
-50
-50
-50
-50
-50
-50
-50
-50
-50
-50
-50
-50
-50
-50
-50
-50
-50
-50
-50
-50
-50
-50
-50
-50
-50
-50
-50
-50
-50
-50
-50
-50
-50
-50
-50
-50
-50
-50
-50
-50
-50
-50
-53
-56
-59
-62
-65
-68
-71
-74
-77
-80
-83
-86
-89
-92
-95
-98
-101
-104
-107
-110
-113
-116
-119
-122
-125
-128
-131
-134
-137
-140
-143
-146
-149
-152
-155
-158
-161
-163
-163
-163
