0
0
0
0
0
0
0
0
0
0
0
0
0
0
0
0
0
0
0
0
0
0
0
0
0
0
0
0
0
0
0
0
0
0
-2
-5
-5
-5
-5
-8
-11
-14
-14
-14
-14
-14
-14
-14
-14
-17
-20
-22
-22
-22
-20
-17
-14
-11
-8
-5
-2
1
4
7
10
13
16
19
22
22
23
26
29
32
35
38
41
44
45
45
45
45
45
46
49
52
55
58
61
64
66
66
66
66
66
66
66
66
66
66
66
67
70
73
74
74
74
74
74
74
74
74
74
74
74
74
74
76
79
81
81
81
81
81
81
81
81
81
81
81
84
87
90
93
96
99
102
105
108
111
114
117
120
123
126
129
132
135
138
141
144
147
150
153
156
159
162
165
168
171
172
172
172
172
172
172
172
172
172
172
172
172
172
172
172
172
172
172
172
172
172
172
172
172
172
172
172
172
172
172
172
172
172
172
172
175
178
179
179
179
179
179
179
179
179
179
179
179
179
180
183
186
189
192
195
196
196
196
196
196
196
196
196
196
196
196
196
196
196
196
196
196
196
196
196
196
196
196
196
196
196
196
196
199
202
205
208
211
214
217
220
223
226
229
232
235
236
236
236
236
236
236
236
236
236
236
236
236
238
241
244
247
250
253
256
259
262
265
268
271
274
277
280
283
