0
0
0
0
0
2
5
8
11
14
16
19
20
20
20
20
20
21
22
23
24
26
27
30
33
36
37
40
43
44
45
48
51
54
57
59
62
65
68
71
74
77
80
82
82
82
82
82
82
82
81
79
78
76
74
74
74
74
74
74
74
74
74
74
74
74
74
74
74
74
74
74
74
74
74
74
76
79
80
81
84
87
90
92
95
98
100
103
106
108
110
113
116
118
120
121
122
123
124
124
124
124
124
124
124
124
124
124
124
124
124
124
124
124
124
124
124
124
124
124
127
129
131
133
134
136
137
138
139
140
141
142
143
146
147
150
152
154
157
160
163
166
169
172
175
178
180
183
186
186
186
186
186
186
186
186
186
186
186
186
186
186
186
186
186
186
186
186
186
186
186
186
186
186
186
186
186
186
186
186
186
186
186
186
186
186
186
186
186
186
186
186
188
190
193
196
199
202
205
208
210
212
215
218
221
224
227
230
230
230
230
230
230
230
230
230
230
230
230
230
230
230
230
230
232
235
237
239
242
245
248
251
254
257
260
263
266
269
272
275
278
281
283
286
