0
0
0
0
0
0
0
0
0
0
0
0
0
0
0
0
0
0
0
0
0
0
0
0
0
0
0
0
0
0
0
0
0
0
0
0
0
0
0
0
0
0
0
0
0
0
0
-1
-4
-7
-10
-13
-16
-19
-22
-23
-24
-24
-25
-25
-27
-28
-30
-32
-34
-36
-37
-39
-40
-41
-42
-44
-46
-48
-50
-51
-52
-53
-55
-57
-57
-58
-58
-58
-59
-57
-57
-54
-51
-50
-51
-51
-51
-51
-50
-47
-44
-41
-38
-39
-42
-45
-48
-51
-54
-57
-60
-63
-66
-69
-72
-72
-72
-72
-72
-72
-72
-72
-72
-72
-72
-72
-72
-72
-72
-72
-72
-72
-72
-72
-72
-72
-72
-72
-72
-72
-72
-72
-72
-72
-72
-72
-72
-72
-72
-72
-72
-72
-72
-72
-72
-72
-72
-72
-72
-72
-72
-72
-72
-72
-72
-72
-72
-72
-72
-72
-72
-72
-72
-72
-72
-72
-72
-72
-74
-77
-78
-78
-78
-78
-78
-79
-82
-85
-88
-91
-94
-97
-100
-103
-106
-109
-110
-110
-110
-110
-110
-110
-110
-110
-110
-110
-110
-110
-110
-110
-110
-110
-110
-110
-110
-110
-110
-110
-110
-110
