0
0
0
0
0
0
0
0
0
0
0
0
0
0
0
0
0
0
0
3
5
8
11
11
11
11
11
11
11
11
11
14
17
20
21
19
16
13
13
13
13
13
10
7
4
1
1
1
0
-1
-2
-3
-3
-3
-3
-3
-6
-8
-10
-13
-15
-16
-16
-16
-16
-17
-20
-23
-26
-29
-31
-33
-33
-33
-33
-33
-35
-38
-41
-44
-47
-49
-49
-49
-49
-49
-49
-49
-49
-49
-49
-49
-49
-49
-49
-49
-49
-49
-49
-49
-49
-49
-49
-49
-49
-49
-49
-49
-49
-49
-49
-49
-52
-55
-58
-61
-61
-61
-61
-61
-61
-61
-61
-63
-66
-67
-68
-69
-69
-69
-69
-69
-69
-69
-69
-69
-69
-69
-69
-69
-69
-69
-69
-69
-69
-69
-69
-69
-72
-75
-78
-81
-84
-87
-90
-93
-96
-99
-102
-105
-108
-111
-113
-113
-113
-113
-113
-113
-113
-113
-113
-113
-113
-113
-113
-113
-113
-112
-110
-109
-108
-108
-108
-108
-108
-108
-108
-110
-112
-114
-114
-113
-111
-108
-105
-103
-100
-97
-97
-97
-97
-97
-97
-98
-100
-103
-106
-109
-111
-113
-116
-119
-122
-125
-128
-131
-134
-137
-139
-142
-145
-147
-149
-151
-153
-155
-158
-161
-164
-167
-170
-173
-176
-179
-182
-185
-187
-190
-192
-195
-198
-201
-204
-204
-204
-204
-204
-204
-204
-204
-206
-208
-209
-210
-213
-216
-219
-222
-225
-228
-231
-234
-236
-235
-232
-229
-226
-223
-221
-222
-225
-228
-231
-234
-237
-240
-243
-246
-249
-252
-255
-258
-261
-264
-267
-270
-271
-271
-271
-271
-271
-269
-267
-264
-261
-258
-255
-252
-250
-247
-244
-241
-238
-235
-232
-229
-226
-223
-220
-217
-214
-211
-209
-209
-209
-209
-209
-209
-209
-209
-211
-214
-217
-220
-223
-226
-229
-232
-235
-238
-241
