0
0
0
0
0
0
0
0
0
0
0
0
0
0
0
0
0
0
0
0
0
0
0
0
0
0
0
0
0
0
0
0
0
0
0
0
0
0
0
0
0
0
0
0
0
0
0
0
0
0
0
0
0
0
0
0
0
0
0
0
0
0
0
0
0
0
0
0
0
0
0
0
0
0
0
0
0
0
0
0
0
0
0
0
0
0
0
0
0
0
0
0
0
0
0
0
0
0
0
0
0
0
0
0
0
0
0
0
0
0
0
-1
-4
-6
-6
-6
-6
-6
-8
-11
-14
-17
-20
-23
-25
-25
-25
-25
-25
-25
-25
-25
-25
-25
-25
-26
-29
-31
-33
-33
-33
-33
-33
-35
-38
-41
-43
-43
-43
-43
-45
-47
-47
-47
-48
-51
-51
-51
-51
-51
-51
-51
-54
-57
-58
-59
-62
-65
-68
-71
-74
-77
-80
-83
-86
-89
-92
-95
-98
-100
-100
-100
-100
-100
-100
-100
-100
-100
-100
-100
-100
-100
-100
-100
-100
-100
-98
-95
-94
-94
-94
-94
-94
-94
-94
-91
-90
-90
-90
-90
-90
-90
-90
-90
-89
-88
-85
-82
-79
-76
-73
-70
-67
-64
-61
-58
-55
-52
-49
-46
-43
-40
-37
-34
-31
-29
-29
-29
-29
-29
-28
-25
-22
-21
-21
-20
-17
-17
-17
-16
-13
-10
-7
-7
-7
-7
-7
-7
-7
-7
-7
-7
-7
-7
-7
-7
-7
-7
-7
-7
-7
-7
-7
-7
-7
-7
-7
-7
-7
-7
-7
-7
-7
-7
-7
-7
-7
-7
-7
-7
-7
-7
-7
-7
-7
-7
-7
-7
-7
-7
-7
-7
-7
-7
-7
-7
-7
-7
-7
-7
-7
-7
-7
-7
-7
-7
-7
-7
-7
-7
-7
-7
-7
-7
-7
-7
-7
-7
-4
-1
2
5
8
11
14
17
20
23
26
29
32
35
38
41
44
45
45
45
47
50
53
56
59
62
64
64
64
64
64
64
64
64
64
64
64
64
64
64
64
64
64
64
64
64
64
64
64
64
64
64
64
64
64
64
64
64
64
64
64
64
64
64
64
64
64
64
64
64
64
64
64
64
64
64
64
64
64
64
64
64
64
64
64
64
64
64
64
64
64
64
64
64
64
64
64
64
64
64
64
64
64
64
64
64
64
64
64
64
64
64
64
64
64
64
64
64
64
64
64
64
64
64
64
64
64
64
64
64
64
64
64
66
69
72
75
78
81
84
87
90
93
96
99
102
103
103
103
103
103
103
103
103
103
103
103
103
103
103
103
103
103
103
103
103
103
103
103
103
103
103
103
103
103
103
103
103
103
103
103
103
103
103
103
103
103
103
103
103
103
103
103
103
103
103
103
103
103
103
103
103
103
103
103
103
103
103
103
103
103
103
103
103
103
103
103
103
103
103
103
103
103
103
103
103
103
103
103
103
103
103
103
103
103
103
103
103
103
103
103
103
103
103
103
103
103
103
103
103
103
103
103
103
103
103
103
103
103
103
103
103
103
103
103
103
103
103
103
103
103
103
103
103
103
103
103
103
103
103
103
103
103
103
103
103
103
103
103
103
103
103
103
103
103
103
103
103
103
103
103
103
103
103
103
103
103
103
103
103
103
103
103
103
103
103
103
103
103
103
103
103
103
103
103
103
103
102
99
96
93
90
87
87
87
87
87
87
87
87
87
87
87
87
87
87
87
87
87
87
87
87
87
87
87
87
87
87
87
87
87
87
87
87
87
87
87
87
87
87
87
87
87
85
82
81
81
81
81
81
81
81
81
79
76
73
70
67
64
61
58
55
52
49
46
43
40
37
37
37
37
37
37
37
37
37
37
37
37
37
37
37
37
37
37
37
37
37
37
37
37
37
37
37
37
37
37
37
37
37
37
37
37
37
37
37
39
42
45
48
51
51
51
52
55
58
61
64
67
70
73
76
79
82
85
85
85
85
85
88
91
94
97
100
101
101
101
101
101
101
101
101
101
101
101
101
101
101
101
101
101
101
101
101
101
101
101
101
101
101
101
101
101
101
101
101
101
101
101
101
101
101
101
101
101
101
101
101
101
101
101
101
101
101
101
101
101
101
101
101
101
101
101
103
106
109
112
115
118
121
124
127
130
133
136
139
142
145
148
151
152
152
152
152
152
152
152
152
152
152
152
152
152
152
152
152
152
152
152
153
156
156
156
156
156
156
156
156
156
156
156
156
156
156
156
156
156
156
156
156
156
156
156
156
156
156
156
156
156
156
156
156
156
156
156
156
156
156
156
156
156
156
156
156
156
156
156
156
156
156
156
156
156
156
156
156
156
156
156
156
156
156
156
156
156
156
156
156
156
156
156
156
156
156
156
156
156
156
156
156
156
156
156
156
156
156
156
156
156
156
156
156
156
156
156
156
156
156
156
156
156
156
157
160
163
166
169
172
175
176
176
176
176
176
176
176
176
176
176
176
176
176
176
176
176
176
176
176
176
176
176
176
176
176
176
176
176
176
176
176
176
176
178
181
184
187
190
193
196
199
202
203
204
207
207
207
207
207
209
212
215
218
221
224
227
230
233
236
239
242
245
248
251
254
257
260
263
266
267
267
267
267
267
267
267
267
267
267
267
267
267
267
267
267
267
267
267
267
267
267
267
266
263
260
257
254
251
248
245
244
244
244
244
244
244
242
239
236
233
230
230
230
230
229
226
223
220
217
215
215
215
215
215
215
215
215
215
215
215
215
215
215
215
212
209
206
203
200
197
196
196
196
196
196
199
202
205
208
211
211
211
211
211
211
211
211
211
211
211
211
211
211
211
213
216
219
222
225
225
225
225
227
230
233
236
239
242
245
248
251
251
251
251
251
251
251
251
251
251
251
251
251
251
251
251
253
256
259
262
262
262
264
266
266
266
266
269
272
273
273
273
273
273
273
273
273
273
273
273
273
273
273
273
273
273
273
273
273
273
273
273
273
273
273
273
273
273
273
273
273
273
273
273
273
273
273
273
273
273
273
273
273
273
273
273
273
273
273
273
273
273
273
273
273
273
273
273
273
276
279
282
285
288
291
294
297
300
303
306
309
312
