0
0
0
0
0
0
0
0
0
0
0
0
0
0
0
0
0
0
0
0
0
0
0
0
0
0
0
0
0
0
0
0
0
0
0
0
0
0
0
0
0
0
0
0
0
0
0
0
-1
-4
-6
-9
-11
-14
-16
-19
-22
-24
-24
-24
-24
-24
-24
-24
-24
-26
-28
-30
-32
-34
-36
-39
-41
-43
-45
-47
-47
-47
-47
-47
-47
-48
-49
-50
-51
-52
-54
-56
-57
-57
-57
-57
-57
-57
-57
-57
-57
-57
-57
-57
-57
-57
-59
-62
-65
-67
-68
-69
-72
-75
-78
-81
-83
-85
-87
-88
-90
-91
-94
-95
-95
-95
-95
-95
-95
-95
-95
-95
-96
-98
-101
-103
-105
-108
-110
-112
-114
-116
-116
-116
-116
-116
-116
-116
-116
-116
-116
-116
-116
-116
-116
-116
-116
-116
-116
-116
-116
-116
-116
-116
-115
-113
-111
-110
-109
-108
-108
-108
-108
-107
-105
-102
-101
-100
-99
-98
-97
-95
-93
-91
-90
-89
-87
-85
-82
-79
-77
-74
-71
-68
-65
-62
-61
-61
-61
-61
-61
-61
-61
-61
-61
-61
-61
-61
-61
-61
-61
-61
-61
-61
-61
-61
-61
-61
-61
-61
-61
-61
-61
-61
-61
-61
-61
-61
-61
-61
-61
-61
-61
-60
-57
-55
-53
-52
-50
-49
-47
-45
-44
-41
-38
-35
-32
-29
-27
-26
-25
-24
-24
-24
-22
-22
-22
-22
-22
-22
-23
-24
-26
-28
-30
-31
-32
-33
-34
-36
-38
-40
-41
-43
-46
-48
-51
-54
-56
-58
-59
-60
-61
-61
-61
-61
-61
-61
-61
-61
-61
-61
-61
-61
-61
-61
-61
-61
-62
-64
-66
-69
-71
-74
-76
-76
-76
-76
-76
-76
-76
-76
-76
-76
-76
-76
-76
-76
-76
-76
-76
-76
-76
-76
-76
-76
-76
-76
-78
-80
-82
-84
-86
-88
-89
-90
-92
-94
-95
-97
-98
-99
-100
-101
-103
-103
-103
-103
-103
-103
-103
-103
-103
-103
-103
-103
-103
-103
-103
-103
-103
-103
-103
-103
-103
-103
-103
-103
-103
-103
-103
-103
-103
-103
-103
-103
-103
-103
-103
-103
-103
-103
-103
-103
-103
-103
-103
-103
-103
-103
-103
-103
-103
-103
-103
-103
-103
-103
-103
-103
-103
-103
-103
-103
-103
-103
-103
-103
-103
-103
-103
-103
-103
-103
-105
-108
-111
-114
-115
-115
-117
-120
-123
-126
-129
-132
-135
-135
-135
-138
-141
-144
-147
-150
-153
-156
-156
-156
-156
-156
-156
-156
-156
-156
-156
-156
-157
-158
-159
-159
-160
-162
-164
-166
-166
-166
-166
-166
-166
-166
-166
-166
-166
-166
-166
-166
-166
-166
-166
-166
-166
-166
-166
-166
-166
-166
-166
-166
-166
-166
-166
-166
-166
-166
-166
-166
-166
-166
-166
-166
-166
-166
-166
-166
-166
-166
-166
-166
-166
-166
-166
-166
-166
-166
-166
-166
-166
-166
-166
-166
-166
-166
-165
-165
-165
-165
-165
-165
-165
-165
-165
-165
-165
-165
-165
-165
-165
-165
-165
-165
-165
-165
-163
-161
-158
-156
-153
-152
-151
-150
-148
-147
-145
-143
-142
-141
-140
-139
-138
-137
-136
-135
-134
-133
-131
-129
-128
-127
-126
-125
-124
-123
-122
-121
-120
-119
-118
-117
-116
-115
-113
-112
-111
-110
-109
-108
-107
-105
-103
-100
-97
-94
-92
-91
-90
-87
-86
-85
-84
-83
-82
-81
-79
-78
-76
-75
-73
-71
-70
-68
-66
-65
-63
-61
-59
-56
-55
-53
-51
-50
-48
-46
-44
-42
-40
-37
-35
-35
-35
-35
-35
-35
-35
-35
-35
-35
-35
-35
-35
-35
-35
-35
-35
-34
-33
-32
-30
-28
-25
-22
-20
-19
-17
-14
-12
-11
-11
-11
-11
-11
-11
-11
-11
-11
-11
-11
-11
-11
-11
-11
-11
-11
-11
-11
-11
-11
-11
-11
-11
-11
-11
-11
-11
-11
-11
-11
-11
-11
-11
-13
-16
-19
-22
-23
-23
-23
-23
-23
-23
-23
-22
-19
-16
-13
-10
-7
-4
-1
0
0
0
0
0
0
0
0
0
0
0
0
0
0
0
0
0
2
5
8
11
14
17
20
23
25
27
29
32
35
38
41
44
45
45
45
45
42
40
39
38
36
35
34
32
29
27
25
22
19
17
17
17
17
17
16
13
10
7
4
1
0
3
6
9
11
14
17
19
22
25
27
30
32
35
38
40
42
44
46
48
49
50
53
55
58
59
61
63
65
67
70
72
75
78
81
84
87
90
92
95
97
100
103
106
109
112
115
118
121
124
127
130
133
135
138
141
144
147
150
153
156
159
162
165
168
171
174
177
180
183
186
189
192
195
198
