0
0
0
0
0
0
0
0
0
0
0
0
0
2
3
3
3
3
3
3
6
9
10
10
10
10
10
10
10
10
10
10
10
10
10
10
10
10
10
10
10
13
16
19
22
25
28
31
34
34
34
34
34
34
34
34
34
34
34
34
34
34
34
31
28
26
26
26
26
26
26
26
24
21
18
15
12
9
6
4
4
4
4
5
8
11
14
17
20
23
26
29
29
29
29
29
29
29
29
29
28
25
25
25
25
25
28
31
34
37
40
43
46
49
50
50
50
50
53
56
56
56
56
56
56
56
56
56
56
56
56
54
51
48
45
42
39
36
33
30
27
25
25
25
25
26
29
32
35
38
41
44
47
50
53
56
59
62
65
68
71
74
77
80
83
86
89
92
92
92
89
86
85
85
85
85
85
87
87
87
87
87
87
87
87
87
87
87
87
87
87
87
87
87
87
87
88
91
91
91
91
91
91
91
92
93
93
93
93
93
93
96
98
98
98
99
99
99
102
104
104
104
104
104
104
104
104
104
104
104
104
104
104
104
104
104
104
104
104
104
104
104
104
103
102
102
102
102
102
102
102
102
102
102
102
102
102
105
108
111
114
117
120
123
125
125
124
121
119
119
119
119
119
119
119
119
119
119
119
119
119
119
119
119
119
119
119
119
