0
0
0
0
0
0
0
0
0
0
0
0
0
0
0
0
0
0
0
0
0
0
0
0
0
0
0
0
0
0
0
0
0
0
0
0
0
0
0
0
0
0
1
3
3
3
3
3
3
4
5
7
7
7
7
7
7
7
7
7
7
7
7
8
8
8
8
9
10
10
10
10
11
11
11
11
11
13
13
13
15
15
15
15
15
15
15
15
15
15
15
15
15
15
15
15
15
15
16
17
17
17
17
17
17
17
17
17
17
17
17
17
17
17
17
17
17
17
17
17
17
17
17
17
17
17
17
17
17
17
17
17
17
17
17
17
16
14
14
14
14
14
14
13
11
8
7
5
4
3
2
0
-1
-2
-3
-5
-7
-10
-12
-14
-15
-16
-17
-18
-19
-20
-20
-20
-20
-20
-20
-20
-20
-20
-21
-22
-22
-22
-22
-22
-22
-22
-22
-22
-22
-22
-22
-22
-22
-22
-22
-22
-22
-23
-23
-23
-23
-23
-23
-23
-23
-23
-23
-24
-25
-25
-25
-25
-25
-25
-25
-25
-25
-25
-25
-25
-25
-25
-25
-25
-25
-25
-25
-25
-25
-25
-25
-25
-25
-25
-25
-25
-25
-25
-25
-25
-25
-25
-25
-25
-25
-25
