0
0
0
0
0
0
0
0
0
0
0
0
0
0
0
0
0
0
0
0
0
0
0
0
0
0
0
0
0
0
0
0
0
0
0
0
0
0
0
0
-1
-4
-4
-4
-6
-9
-12
-15
-18
-19
-19
-19
-19
-19
-19
-19
-20
-22
-22
-22
-22
-22
-22
-22
-21
-18
-16
-16
-16
-16
-13
-10
-10
-10
-10
-10
-9
-6
-6
-6
-6
-6
-6
-3
0
0
0
0
0
0
0
0
0
0
0
0
0
0
0
0
0
0
0
0
0
0
0
0
0
0
0
0
0
0
0
0
0
0
0
0
0
0
0
0
0
0
0
0
0
0
0
0
0
0
0
0
0
0
0
0
0
0
0
0
0
0
0
0
0
0
0
0
3
3
3
3
3
3
3
3
3
6
9
11
11
11
11
14
17
20
23
25
25
25
25
25
25
25
25
25
25
27
30
32
32
32
32
32
32
32
32
32
32
32
33
35
35
35
35
35
35
35
35
35
35
35
35
35
35
35
35
35
35
35
35
35
35
35
35
35
35
35
35
35
35
35
35
35
35
35
35
35
35
35
35
35
35
35
35
35
35
35
35
35
35
35
35
35
35
35
35
37
40
43
46
49
52
55
58
60
60
60
60
63
66
69
72
75
78
78
78
