0
0
0
0
0
0
0
0
0
0
0
0
0
0
0
0
0
0
0
0
0
0
0
0
1
4
7
10
13
16
19
20
20
20
20
20
20
23
26
29
32
35
38
41
44
47
50
53
56
59
62
63
63
63
63
63
63
63
63
63
63
63
63
63
63
63
63
63
63
63
63
63
63
63
63
63
63
63
63
63
63
63
63
61
58
55
52
49
46
46
46
46
46
46
46
46
46
46
46
46
46
46
46
46
46
46
46
46
46
46
46
46
46
46
46
46
46
46
46
46
46
46
46
46
46
46
46
46
46
46
46
46
46
46
46
46
46
45
42
39
36
33
30
27
24
21
18
15
12
9
6
3
0
0
0
0
0
0
0
0
0
0
0
0
0
0
0
0
0
0
0
0
0
0
0
0
0
0
0
0
0
0
0
0
1
4
7
10
13
16
19
22
25
28
31
33
33
33
33
33
33
33
33
36
39
42
43
43
43
43
43
43
43
43
43
40
40
40
40
40
40
40
40
40
40
40
40
40
40
40
40
38
35
32
29
26
23
23
23
23
23
23
23
23
23
23
23
23
23
23
23
23
23
23
23
23
23
23
23
23
23
23
23
23
23
23
23
23
23
23
23
23
23
23
23
22
19
16
13
10
7
4
1
-2
-5
-8
-11
-14
-17
-20
-23
-26
-29
-32
-35
-38
-41
-44
-47
-48
-48
-48
-49
-52
-55
-58
-61
-63
-63
