0
0
0
0
0
0
0
0
0
0
0
0
0
0
0
0
0
0
0
0
0
0
0
0
0
0
0
0
0
0
0
0
0
0
0
0
0
0
0
0
0
0
0
0
0
0
0
-2
-5
-8
-11
-14
-17
-20
-23
-26
-29
-32
-35
-38
-41
-44
-47
-50
-53
-56
-59
-59
-59
-59
-59
-59
-59
-59
-59
-61
-64
-67
-70
-73
-76
-79
-82
-85
-88
-91
-94
-97
-100
-103
-106
-109
-112
-115
-118
-121
-124
-127
-130
-130
-130
-130
-130
-130
-127
-124
-121
-118
-115
-112
-110
-109
-107
-106
-104
-102
-102
-102
-102
-102
-102
-102
-102
-99
-96
-93
-90
-87
-84
-81
-78
-75
-72
-69
-66
-63
-60
-57
-54
-51
-48
-45
-42
-39
-36
-33
-30
-27
-24
-21
-18
-15
-12
-12
-12
-12
-12
-12
-12
-12
-12
-12
-12
-12
-12
-12
-12
-12
-12
-11
-8
-6
-6
-6
-6
-6
-6
-6
-6
-6
-6
-6
-6
-6
-6
-6
-6
-6
-6
-6
-6
-6
-6
-6
-6
-6
-6
-6
-6
-6
-6
-6
-6
-6
-6
-6
-6
-7
-10
-13
-16
-19
-22
-25
-28
-31
-34
-37
-40
-43
-46
-49
-52
-55
-58
-61
-64
-67
-70
-73
-76
-79
-82
-82
-82
-82
-83
-84
-85
-85
-85
-85
-85
-85
-85
-85
-85
-85
-85
-85
-85
-85
-85
-85
-85
-85
-85
-85
-85
-85
-85
-85
-85
-85
-85
-85
-85
-85
-85
-85
-85
-85
-85
-85
-85
-85
-85
-85
-85
-85
-85
-85
-85
-85
-85
-85
-85
-85
-85
-85
-85
-87
-87
-88
-90
-90
-92
-93
-93
-96
-99
-102
-105
-108
-109
-109
-109
-109
-109
-109
-109
-109
-109
-109
-109
-109
-112
-115
-118
-121
-123
-125
-125
-124
-121
-118
-116
-116
-115
-112
-112
-112
-109
-106
-103
-100
-97
-94
-91
-88
-85
-82
-79
-76
-73
-70
-67
-64
-61
-58
-55
-52
-49
-47
-47
-46
-44
-44
-44
-44
-43
-43
-41
-41
-41
-41
-41
