0
0
0
0
0
0
0
0
0
0
0
0
0
0
0
0
0
0
0
0
0
0
0
0
0
0
0
0
0
0
0
0
0
0
0
0
0
0
0
0
0
0
-1
-1
-1
-1
1
3
3
3
5
7
8
9
11
12
13
16
16
16
16
16
16
16
16
16
17
17
17
17
17
17
18
20
20
20
20
20
20
20
20
20
20
21
22
22
22
22
25
28
30
30
29
26
23
20
17
17
16
13
10
7
4
1
1
1
1
-2
-2
-2
-2
-2
-2
-2
-4
-7
-9
-9
-9
-9
-9
-9
-9
-9
-9
-9
-9
-9
-9
-10
-11
-11
-11
-11
-11
-11
-11
-11
-11
-11
-11
-11
-11
-11
-11
-11
-11
-12
-12
-12
-12
-12
-12
-12
-12
-12
-12
-12
-11
-10
-7
-4
-1
2
2
2
4
4
5
8
10
10
10
12
15
18
21
24
27
30
33
34
34
34
34
34
34
36
39
42
45
48
48
48
48
48
48
48
48
48
48
48
48
48
48
48
48
48
48
48
48
48
48
48
48
48
48
48
48
48
48
48
48
48
48
48
48
48
48
48
48
48
48
48
48
48
48
48
48
48
48
48
48
48
48
48
48
48
48
48
49
50
50
51
52
53
53
53
53
53
53
53
53
53
53
53
53
53
53
53
52
51
48
45
44
42
40
37
36
36
34
34
34
34
34
35
35
35
35
35
35
35
35
35
38
40
41
42
42
42
44
47
50
53
54
54
54
54
54
54
54
54
54
54
54
54
54
54
54
54
54
54
54
54
54
54
56
59
62
65
65
65
65
65
65
65
65
65
65
