0
0
0
0
0
0
0
0
-2
-5
-6
-6
-6
-6
-6
-8
-11
-13
-13
-13
-13
-13
-13
-13
-13
-10
-7
-7
-7
-7
-7
-7
-7
-7
-7
-7
-10
-13
-16
-18
-20
-23
-26
-29
-32
-35
-37
-37
-37
-38
-41
-41
-40
-37
-34
-31
-28
-26
-26
-26
-26
-26
-26
-24
-21
-18
-15
-14
-14
-14
-14
-14
-14
-14
-14
-14
-12
-11
-11
-11
-11
-11
-11
-11
-11
-11
-11
-11
-13
-15
-15
-15
-15
-15
-15
-14
-11
-11
-11
-11
-11
-11
-11
-11
-11
-11
-11
-11
-11
-11
-11
-11
-11
-11
-11
-11
-11
-11
-12
-13
-13
-13
-14
-17
-17
-17
-17
-17
-17
-17
-17
-17
-17
-17
-17
-17
-17
-17
-17
-17
-17
-17
-17
-17
-17
-17
-17
-17
-17
-17
-17
-17
-17
-17
-20
-23
-26
-29
-32
-35
-38
-41
-44
-47
-50
-53
-56
-59
-62
-65
-68
-70
-73
-76
-79
-82
