0
0
0
0
0
0
0
0
0
0
0
0
0
0
0
0
0
0
0
0
0
0
0
0
0
0
0
0
0
0
0
0
0
0
0
0
0
0
0
0
0
0
0
0
0
0
0
0
0
0
0
0
0
0
0
0
0
0
0
0
0
0
0
0
0
0
0
0
0
0
0
0
0
0
0
0
0
0
0
0
0
0
0
0
0
0
0
0
0
0
0
0
0
0
0
0
0
0
3
6
9
12
15
18
21
24
27
30
33
36
39
42
45
48
51
54
57
60
63
66
67
70
73
76
79
82
85
88
91
94
97
100
101
101
101
101
101
101
101
101
101
101
101
101
101
101
101
101
101
101
101
101
101
101
101
101
101
101
101
101
101
101
101
101
101
101
101
101
101
104
107
110
113
116
119
122
125
128
131
134
137
140
143
145
145
145
145
145
145
145
145
145
145
145
145
145
145
145
145
145
145
145
145
145
145
145
145
145
145
145
145
145
145
145
145
145
145
145
145
145
145
145
145
145
145
145
145
145
145
145
145
145
145
145
145
145
145
145
145
145
145
145
145
145
145
145
145
145
145
145
145
145
145
145
145
145
145
145
145
145
145
145
145
145
145
145
145
145
145
145
145
145
145
145
145
145
145
145
145
145
145
145
145
145
145
145
145
142
139
136
133
130
127
124
121
118
115
112
109
106
103
100
97
94
91
88
85
82
79
76
73
70
67
64
61
58
55
52
49
46
43
40
37
34
31
28
25
22
19
16
13
10
7
4
1
-2
-5
-8
-11
-14
-17
-20
-23
-26
-29
-32
-35
-38
-41
-44
-47
-50
-53
-56
-59
-62
-65
-68
-71
-74
-77
-80
-83
-86
-89
-92
-95
-98
-101
-104
-107
-110
-113
-116
-119
-122
-125
-128
-131
-134
-137
-140
-143
-146
-149
-152
-155
-158
-161
-164
-167
-170
-173
-176
-179
-182
-185
-188
-191
-194
-197
-200
-203
-206
-209
-212
-215
-218
-221
-224
-227
-230
-233
-236
-239
-242
-245
-248
-251
-254
-257
-260
-263
-266
-269
-272
-275
-278
-281
-284
-287
-290
-293
-296
-299
-302
-305
-308
-309
-309
-309
-309
-309
-309
-309
-309
-309
-309
-309
-309
-309
-309
-309
-309
-309
-309
-309
-309
-309
-309
-309
-309
-309
-309
-309
-309
-309
-309
-309
-309
-309
-309
-309
-309
-309
-309
-309
-309
-309
-309
-310
-313
-316
-319
-322
-325
-328
-331
-334
-337
-340
-343
-346
-349
-352
-355
-358
-361
-364
-367
-370
-373
-376
-379
-382
-385
-388
-391
-394
-397
-400
-403
-406
-409
-412
-415
-418
-421
-424
-427
-430
-433
-436
-439
-442
-445
-448
