0
0
0
0
0
0
0
0
0
0
0
0
0
0
0
0
0
0
0
0
0
0
0
0
0
0
0
0
0
0
0
0
0
0
0
0
0
0
0
0
0
0
2
5
8
11
14
17
20
23
26
29
32
35
38
41
42
42
42
42
42
42
42
42
42
42
44
47
50
53
56
59
62
65
68
71
74
77
80
83
86
89
92
95
98
101
104
107
110
113
116
119
122
125
128
131
132
132
132
132
132
132
132
132
132
132
132
132
132
132
132
132
132
132
132
132
132
132
132
132
132
132
132
132
132
132
134
137
140
143
146
149
152
155
158
161
164
166
169
172
174
174
174
174
174
174
174
174
174
174
174
174
174
174
174
174
174
174
174
174
174
174
174
174
174
174
174
174
174
174
174
174
174
174
174
174
174
174
174
174
174
174
174
174
174
174
174
174
174
174
174
174
174
174
174
174
174
172
169
166
163
160
157
154
151
148
145
142
139
136
133
130
129
129
129
129
129
129
129
129
129
129
129
129
129
129
129
129
129
129
129
129
129
129
129
126
123
120
117
114
111
108
105
103
100
97
94
91
88
85
82
79
76
73
70
67
64
61
58
55
52
49
46
43
40
37
34
31
28
25
22
19
16
13
10
9
9
9
9
9
9
9
9
9
9
9
9
8
5
2
-1
-4
-7
-10
-13
-16
-19
-22
-25
-26
-26
-26
-26
-26
-26
-26
-26
-26
-26
-26
-26
-26
-26
-26
-26
-26
-24
-21
-18
-16
-13
-10
-7
-4
-1
2
5
8
11
14
17
20
23
26
29
32
35
38
39
39
39
39
39
39
39
39
39
39
39
39
39
39
39
39
38
35
32
29
26
23
20
17
14
11
8
5
2
-1
-4
-7
-10
-13
-16
-19
-21
-21
-21
-21
-21
-21
-21
-21
-21
-21
-21
-21
-21
-21
-21
-21
-21
-21
-21
-21
-21
-21
-21
-21
-21
-21
-21
-21
-21
-21
-21
-21
-21
-21
-20
-17
-14
-11
-8
-5
-2
1
4
7
10
13
16
19
