0
0
0
0
0
0
0
0
0
0
0
0
0
0
0
0
0
0
0
0
0
0
0
0
0
0
0
0
0
0
0
0
0
0
0
0
0
0
0
0
0
0
0
0
0
0
0
0
0
0
0
0
0
0
0
0
0
0
0
0
0
0
0
0
0
0
0
0
0
0
0
0
0
0
0
0
0
0
0
0
0
0
0
0
0
0
0
0
0
0
0
0
0
0
0
0
0
0
0
0
0
0
0
0
0
0
0
0
0
0
0
0
0
0
0
0
0
0
0
0
0
0
0
0
0
0
0
0
0
0
0
0
0
0
0
0
0
0
0
0
0
0
0
0
0
0
0
0
0
0
0
0
0
0
0
0
0
0
0
0
0
0
0
0
0
0
0
0
0
0
0
0
0
0
0
0
0
0
0
0
0
0
0
0
0
0
0
0
0
0
0
0
0
0
0
0
0
0
0
0
0
0
0
0
0
0
0
0
0
0
-1
-4
-7
-10
-13
-13
-13
-15
-18
-21
-24
-27
-30
-31
-31
-31
-31
-31
-31
-31
-31
-31
-31
-31
-31
-31
-31
-31
-31
-31
-31
-31
-31
-31
-31
-31
-31
-31
-31
-31
-31
-31
-31
-31
-31
-31
-31
-31
-31
-31
-31
-31
-31
-31
-31
-31
-31
-31
-31
-31
-31
-31
-31
-31
-31
-31
-31
-31
-31
-31
-31
-31
-31
-31
-31
-31
-31
-31
-31
-31
-31
-31
-31
-31
-31
-31
-31
-31
-31
-31
-31
-31
-31
-31
-31
-31
-31
-31
-31
-31
-31
-31
-31
-31
-31
-31
-31
-31
-31
-31
-31
-31
-31
-31
-31
-31
-31
-31
-31
-31
-31
-31
-31
-31
-31
-31
-31
-31
-31
-31
-31
-31
-31
-31
-31
-31
-31
-32
-35
-38
-41
-44
-47
-50
-53
-56
-59
-62
-65
-68
-71
-74
-77
-80
-83
-86
-89
-91
-91
-91
-91
-91
-91
-91
-91
-91
-91
-91
-91
-91
-91
-91
-91
-91
-91
-91
-91
-91
-91
-91
-91
-91
-91
-91
-91
-91
-91
-91
-91
-91
-91
-91
-91
-91
-91
-91
-91
-91
-91
-91
-91
-91
-91
-91
-91
-91
-91
-91
-91
-91
-91
-91
-91
-91
-91
-91
-91
-91
-91
-91
-91
-91
-91
-91
-91
-91
-91
-91
-91
-91
-91
-91
-91
-91
-91
-91
-91
-91
-91
-91
-91
-91
-91
-91
-91
-91
-91
-91
-91
-91
-91
-91
-91
-91
-94
-97
-100
-103
-106
-109
-112
-112
-112
-112
-112
-112
-112
-112
-112
-112
-112
-112
-112
-112
-112
-112
-112
-112
-112
-112
-112
-112
-112
-112
-112
-112
-112
-112
-112
-112
-112
-112
-112
-112
-112
-112
-112
-112
-112
-112
-112
-112
-112
-112
-112
-112
-112
-112
-112
-112
-112
-112
-112
-112
-112
-112
-112
-112
-112
-112
-112
-112
-112
-112
-112
-112
-112
-112
-112
-112
-112
-112
-112
-112
-112
-112
-112
-112
-112
-112
-112
-112
-112
-112
-112
-112
-112
-112
-112
-112
-112
-112
-112
-112
-112
-112
-112
-113
-116
-119
-122
-125
-128
-131
-134
-137
-140
-143
-146
-149
-152
-155
-158
-161
-164
-167
-170
-173
-176
-179
-182
-185
-188
-190
-190
-190
-190
-190
-190
-190
-190
-190
-190
-190
-190
-190
-190
-190
-190
-190
-190
-190
-190
-190
-190
-190
-190
-190
-190
-190
-190
-190
-190
-190
-190
-190
-190
-190
-190
-190
-190
-190
-190
-190
-190
-190
-190
-190
-190
-190
-190
-190
-190
-190
-190
-190
-187
-184
-181
-178
-175
-172
-169
-166
-163
-160
-160
-160
-160
-160
-160
-160
-160
-160
-160
-160
-160
-160
-160
-160
-160
-160
-160
-160
-160
-160
-160
-160
-160
-160
-160
-160
-160
-160
-160
-160
-160
-160
-160
-160
-160
-160
-160
-160
-160
-160
-160
-160
-160
-160
-160
-160
-160
-160
-160
-160
-160
-160
-160
-160
-160
-160
-160
-160
-160
-160
-160
-160
-160
-160
-160
-160
-160
-160
-161
-164
-167
-170
-173
-176
-179
-182
-185
-187
-187
-187
-187
-187
-187
-187
-187
-187
-187
-187
-187
-187
-187
-187
-187
-187
-187
-187
-187
-187
-187
-187
-187
-187
-187
-187
-187
-187
-187
-187
-187
-187
-187
-187
-187
-187
-187
-187
-187
-187
-187
-187
-187
-187
-187
-187
-187
-187
-187
-187
-187
-187
-187
-187
-187
-187
-187
-187
-187
-187
-187
-187
-187
-187
-187
-187
-187
-187
-187
-187
-187
-187
-187
-187
-187
-187
-187
-187
-187
-187
-187
-187
-187
-187
-187
-187
-187
-187
-187
-187
-187
-187
-187
-187
-187
-187
-187
-187
-187
-187
-187
-187
-187
-187
-187
-187
-187
-187
-187
-187
-187
-187
-187
-187
-187
-187
-187
-187
-187
-187
-187
-187
-187
-187
-187
-187
-187
-187
-187
-187
-187
-187
-187
-187
-187
-187
-187
-187
-187
-187
-187
-187
-187
-187
-187
-187
-187
-187
-187
-187
-187
-187
-187
-187
-187
-187
-187
-187
-187
-187
-187
-187
-187
-187
-187
-187
-187
-187
-187
-187
-187
-187
-187
-187
-187
-187
-187
-187
-188
-191
-194
-197
-200
-203
-206
-208
-208
-208
-208
-208
-208
-208
-208
-208
-208
-208
-208
-208
-208
-208
-208
-208
-208
-208
-208
-208
-208
-208
-208
-208
-208
-208
-208
-208
-208
-208
-208
-208
-208
-208
-208
-208
-208
-208
-208
-208
-208
-208
-208
-208
-208
-208
-208
-208
-208
-208
-208
-208
-208
-208
-208
-208
-208
-208
-208
-208
-208
-208
-208
-208
-208
-208
-208
-208
-208
-208
-208
-208
-208
-208
-208
-208
-208
-208
-208
-208
-208
-208
-208
-208
-208
-208
-208
-208
-208
-208
-208
-208
-208
-208
-208
-208
-208
-208
-208
-208
-208
-208
-208
-208
-208
-208
-208
-208
-208
-208
-208
-208
-208
-208
-208
-208
-208
-208
-208
-208
-208
-208
-208
-208
-209
-212
-214
-214
-214
-215
-218
-221
-224
-227
-230
-233
-236
-239
-242
-245
-245
-245
-245
-245
-245
-245
-245
-245
-245
-245
-245
-245
-245
-245
-245
-245
-245
-245
-245
-245
-245
-245
-245
-245
-245
-245
-245
-245
-245
-245
-245
-245
-245
-245
-245
-245
-245
-245
-245
-245
-245
-245
-245
-245
-245
-245
-245
-245
-245
-245
-245
-245
-245
-245
-245
-245
-245
-245
-245
-245
-245
-245
-245
-245
-245
-245
-245
-245
-245
-245
-245
-245
-245
-245
-245
-245
-245
-245
-245
-245
-245
-245
-245
-245
-245
-245
-245
-245
-245
-245
-245
-245
-245
-245
-245
-245
-245
-245
-245
-245
-245
-245
-245
-245
-245
-245
-245
-245
-245
-245
-245
-245
-245
-245
-245
-245
-245
-245
-245
-245
-245
-245
-245
-245
-245
-245
-245
-245
-245
-245
-245
-245
-245
-245
-245
-245
-245
-245
-245
-245
-245
-245
-245
-245
-245
-245
-245
-245
-245
-245
-245
-245
-245
-245
-245
-245
-245
-245
-245
-245
-245
-245
-245
-245
-245
-245
-245
-245
-245
-245
-245
-245
-245
-245
-245
-245
-245
-245
-245
-245
-245
-245
-245
-245
-245
-245
-245
-245
-245
-245
-245
-245
-245
-245
-245
-245
-245
-245
-245
-245
-245
-245
-245
-245
-245
-245
-245
-245
-245
-245
-245
-245
-245
-245
-245
-245
-245
-245
-245
-245
-245
-245
-245
-245
-245
-245
-245
-245
-245
-245
-245
-245
-245
-245
-245
-245
-245
-245
-245
-245
-245
-245
-245
-245
-245
-245
-245
-245
-245
-245
-245
-245
-245
-245
-245
-245
-245
-245
-245
-245
-245
-245
-245
-245
-245
-245
-245
-245
-245
-245
-245
-245
-245
-245
-245
-245
-245
-245
-245
-245
-245
-245
-245
-245
-245
-245
-245
-245
-246
-249
-249
-249
-249
-249
-249
-249
-249
-249
-249
-249
-249
-249
-249
-249
-249
-249
-249
-249
-249
-249
-249
-249
-248
-245
-242
-239
-236
-233
-230
-227
-224
-221
-218
-215
-212
-209
-206
-203
-200
-197
-194
-191
-188
-185
-182
-179
-176
-173
-170
-167
-164
-161
-158
-155
-152
-149
-146
-143
-140
-137
-134
-131
-128
-125
-122
-119
-116
-113
-110
-107
-104
-101
-98
-95
-92
-89
-86
-83
-82
