0
0
0
0
0
0
0
0
0
0
0
0
0
0
0
0
0
0
0
0
0
0
0
0
0
0
0
0
0
0
0
0
0
0
0
0
0
0
0
0
0
0
0
0
0
0
0
0
0
0
0
0
0
0
0
0
0
0
0
0
0
0
0
0
0
0
0
0
0
0
0
0
0
0
0
0
0
0
0
0
0
0
0
0
0
0
0
0
0
0
0
0
0
0
0
0
0
0
0
0
0
0
0
0
0
0
0
0
0
0
0
0
0
0
0
0
0
0
0
0
0
0
0
0
0
0
0
0
0
0
0
0
0
0
0
0
0
0
0
0
0
0
0
0
0
0
0
-3
-6
-9
-12
-15
-18
-21
-24
-27
-30
-33
-36
-39
-42
-45
-48
-51
-54
-57
-60
-63
-66
-69
-72
-75
-78
-81
-84
-87
-90
-93
-96
-96
-96
-96
-96
-96
-96
-96
-96
-96
-96
-96
-96
-96
-96
-96
-96
-94
-91
-88
-85
-82
-79
-76
-73
-70
-67
-65
-65
-65
-65
-65
-65
-65
-65
-65
-65
-65
-65
-65
-65
-65
-65
-65
-65
-65
-65
-65
-65
-65
-65
-65
-65
-65
-65
-65
-65
-65
-65
-65
-65
-65
-65
-65
-65
-65
-65
-65
-65
-65
-65
-65
-65
-65
-65
-65
-65
-65
-65
-65
-65
-65
-65
-65
-65
-65
-65
-65
-65
-65
-65
-65
-65
-65
-65
-65
-65
-65
-65
-65
-65
-65
-65
-65
-65
-65
-65
-65
-65
-65
-65
-65
-65
-65
-65
-65
-65
-65
-65
-65
-65
-65
-65
-65
-65
-65
-65
-65
-65
-65
-65
-65
-65
-65
-64
-61
-58
-55
-52
-49
-46
-43
-40
-37
-36
-36
-36
-36
-36
-36
-36
-36
-34
-31
-28
-25
-22
-19
-16
-13
-10
-7
-4
-1
2
5
8
11
12
12
12
12
12
12
12
12
12
12
12
12
12
12
12
12
12
12
12
12
12
12
12
12
12
12
12
12
12
12
12
10
7
4
1
0
0
0
0
0
0
0
-3
-6
-9
-9
-9
-9
-9
-9
-9
-10
-13
-16
-19
-20
-20
-20
-20
-20
-20
-21
-24
-27
-30
-33
-35
-35
-35
-35
-35
-35
-35
-35
-35
-35
-35
-35
-35
-35
-35
-35
-35
-35
-36
-39
-42
-45
-48
-48
-48
-48
-48
-48
-48
-48
-48
-48
-48
-48
-51
-54
-57
-60
-60
-60
-60
-60
-61
-64
-67
-70
-73
-73
-73
-73
-73
-73
-76
-79
-82
-85
-88
-88
-88
-88
-88
-88
-88
-88
-88
-88
-88
-88
-88
-88
-88
-88
-88
-88
-88
-88
-88
-88
-88
-88
-88
-88
-88
-88
-88
-88
-88
-88
-88
-88
-88
-88
-88
-88
-88
-88
-88
-88
-88
-88
-88
-88
-88
-88
-88
-88
-88
-87
-84
-81
-78
-75
-72
-69
-66
-63
-60
-57
-54
-51
-48
-45
-42
-39
-36
-33
