0
0
0
0
0
0
0
0
0
0
0
0
0
0
0
0
0
0
0
0
0
0
0
0
0
0
0
0
0
0
0
0
0
0
0
0
0
0
0
0
1
4
7
10
10
10
10
10
10
10
10
10
10
10
10
10
10
10
10
10
10
10
12
15
15
15
16
19
20
20
20
22
25
27
27
27
27
27
27
27
27
27
27
27
27
27
27
27
30
33
35
35
35
35
35
35
35
37
40
43
46
46
46
46
46
46
46
46
46
46
46
46
49
52
54
54
54
54
54
54
51
48
45
42
39
36
33
30
30
30
30
30
30
30
30
30
30
30
30
31
34
35
35
35
37
40
42
42
42
42
42
42
42
43
46
47
47
47
47
47
47
50
53
54
54
54
54
54
54
54
54
54
51
48
45
45
45
45
45
42
39
37
37
35
32
30
30
30
30
30
30
30
30
30
30
30
30
30
30
30
30
30
30
30
33
36
39
42
45
48
51
54
57
60
63
66
66
66
66
66
66
66
66
66
66
64
61
58
55
52
49
46
43
40
37
34
31
30
30
30
30
30
30
30
30
30
30
30
30
30
30
30
30
30
30
30
30
30
30
30
30
30
30
30
30
30
30
30
30
30
30
30
30
30
30
30
30
30
30
30
30
30
30
30
30
30
30
30
30
30
30
30
30
30
30
30
30
30
30
30
31
34
37
40
40
40
40
40
40
40
40
40
40
40
40
40
40
40
40
40
40
40
40
40
40
40
40
40
40
40
40
40
40
40
40
40
40
42
45
45
45
45
45
45
45
45
45
45
45
45
45
45
45
45
45
45
45
45
45
45
45
45
45
45
45
45
45
45
45
45
45
45
47
50
52
52
52
52
52
55
58
61
62
62
62
62
62
64
67
70
70
70
70
70
70
70
70
70
70
70
70
70
70
70
70
70
70
70
70
70
70
70
70
70
70
70
70
70
70
70
70
70
70
70
70
70
70
70
70
70
70
70
70
70
70
70
70
70
70
70
70
70
70
70
70
70
70
70
70
70
70
70
70
73
76
79
82
83
83
83
83
83
83
83
83
83
83
84
87
90
92
92
92
95
98
101
102
102
104
107
110
110
110
113
116
116
116
118
121
121
121
121
121
121
121
121
121
121
121
121
124
127
130
133
136
139
142
145
148
151
154
157
160
161
161
161
161
161
161
161
161
161
161
161
161
161
161
161
161
161
161
161
161
161
161
161
161
161
161
161
161
161
161
161
161
161
161
161
161
161
161
161
161
161
161
161
161
161
161
161
161
162
165
168
169
169
169
170
173
174
174
174
175
178
181
181
181
181
184
187
187
187
187
189
192
193
193
193
195
198
200
200
200
201
204
205
205
205
206
209
210
210
210
211
214
214
214
214
216
219
219
219
219
219
219
219
219
219
219
219
219
219
219
219
219
219
219
219
219
219
219
219
219
219
219
219
219
219
219
219
219
219
219
219
219
219
219
219
219
219
219
219
219
219
219
219
219
219
219
219
219
219
219
219
219
219
219
219
219
219
219
219
219
219
219
219
219
219
219
219
219
219
219
219
219
219
219
219
219
