0
0
0
0
0
0
0
0
0
0
0
0
0
0
0
0
0
0
0
0
0
0
0
0
0
0
0
0
0
0
0
0
0
0
0
0
0
0
0
0
0
0
0
0
0
0
0
0
0
0
0
0
0
0
0
0
0
0
0
0
0
0
0
0
0
0
0
0
0
0
0
0
0
0
0
0
0
0
0
0
0
0
0
0
0
0
0
0
0
0
0
0
0
0
0
0
0
0
0
0
0
0
0
0
0
0
0
0
0
0
0
0
0
0
0
0
0
0
0
0
0
0
0
0
0
0
0
0
0
0
0
0
0
0
0
0
0
0
0
0
0
0
0
0
0
0
0
0
0
0
0
0
0
0
0
0
0
0
0
0
0
0
0
0
0
0
0
0
0
0
0
0
0
0
0
0
0
0
0
0
0
0
0
-3
-6
-9
-12
-15
-17
-20
-23
-26
-28
-30
-32
-33
-34
-35
-36
-37
-39
-40
-43
-46
-49
-52
-55
-58
-61
-64
-67
-70
-73
-75
-78
-81
-84
-87
-90
-93
-96
-99
-102
-105
-108
-111
-114
-117
-120
-123
-126
-129
-132
-135
-138
-141
-144
-147
-150
-153
-156
-159
-162
-165
-165
-165
-165
-165
-165
-165
-165
-165
-165
-165
-165
