0
0
0
0
0
0
0
0
0
0
0
0
0
0
0
0
0
0
0
0
0
0
0
0
0
0
0
0
0
0
0
0
0
0
0
0
0
0
0
0
0
0
0
0
0
0
0
0
0
0
0
0
0
0
0
0
0
0
0
0
0
0
0
0
0
0
0
0
0
0
0
0
0
0
0
0
0
0
0
0
0
0
0
0
0
0
0
0
0
0
0
0
0
0
0
0
0
0
0
-1
-4
-7
-10
-12
-12
-12
-12
-12
-12
-12
-12
-12
-12
-12
-12
-12
-12
-12
-12
-12
-12
-12
-12
-12
-12
-12
-12
-12
-12
-12
-12
-12
-12
-12
-12
-12
-12
-12
-12
-14
-17
-20
-23
-26
-29
-32
-35
-38
-41
-44
-47
-50
-52
-52
-55
-58
-61
-64
-67
-70
-73
-76
-79
-82
-85
-88
-91
-92
-92
-92
-92
-92
-92
-92
-92
-92
-92
-92
-92
-92
-92
-92
-92
-92
-92
-92
-92
-92
-92
-92
-92
-92
-92
-92
-92
-92
-92
-92
-92
-92
-92
-92
-92
-92
-92
-92
-92
-92
-92
-92
-92
-92
-92
-92
-92
-92
-92
-92
-92
-92
-92
-92
-92
-92
-92
-92
-92
-92
-92
-92
-92
-92
-92
-92
-92
-92
-92
-92
-92
-92
-92
-92
-92
-92
-92
-92
-92
-92
-92
-92
-92
-92
-92
-92
-92
-92
-92
-92
-92
-92
-92
-92
