0
0
0
0
0
0
0
0
0
0
0
0
0
0
0
0
0
0
0
0
0
0
0
0
0
0
0
0
0
0
0
0
0
0
0
0
0
0
0
0
0
2
2
2
2
4
4
4
4
4
4
4
4
4
4
4
4
1
-1
-1
-1
-1
-1
1
2
2
2
2
2
2
2
2
2
2
4
6
7
7
7
7
7
7
7
7
7
7
7
7
7
7
7
7
7
7
7
8
8
9
10
10
10
10
11
12
13
13
13
13
13
13
13
14
15
15
16
18
19
20
20
20
20
20
20
20
20
20
20
20
20
21
22
22
24
24
24
24
24
24
25
25
26
26
26
26
26
26
26
26
26
26
26
26
26
26
26
26
26
26
26
26
26
26
26
26
26
26
26
26
26
26
26
26
26
26
26
26
26
26
26
26
26
26
26
26
26
26
26
26
26
26
26
25
23
22
22
22
22
22
21
19
18
18
18
18
18
18
18
18
18
18
18
18
18
18
18
17
17
17
17
17
17
17
17
17
17
17
17
17
17
17
19
22
25
28
28
28
28
28
29
29
29
29
29
29
29
29
29
29
29
29
29
31
33
36
38
40
43
46
48
48
48
48
48
48
46
43
40
37
34
34
34
34
34
34
34
33
31
31
31
31
31
31
31
31
31
31
31
31
31
31
31
31
31
31
28
25
24
24
23
22
22
22
22
22
22
23
24
25
25
25
27
30
33
36
38
38
39
41
41
41
