0
0
0
0
0
0
0
0
0
0
0
0
0
0
0
0
0
0
0
0
0
0
0
0
0
0
0
0
0
0
0
0
0
0
0
0
0
0
0
0
-2
-4
-6
-6
-6
-6
-6
-6
-6
-6
-6
-6
-6
-6
-6
-6
-6
-6
-6
-6
-6
-6
-6
-6
-6
-6
-6
-6
-6
-6
-6
-7
-7
-7
-7
-7
-7
-7
-7
-7
-7
-7
-7
-7
-7
-7
-7
-7
-7
-7
-7
-7
-7
-7
-7
-7
-7
-7
-7
-7
-10
-13
-16
-19
-22
-25
-28
-29
-29
-29
-29
-29
-29
-29
-29
-29
-29
-29
-29
-29
-29
-29
-29
-29
-29
-29
-29
-29
-29
-29
-29
-29
-29
-29
-29
-29
-29
-29
-29
-29
-29
-29
-29
-29
-29
-29
-29
-29
-29
-29
-29
-29
-29
-29
-29
-29
-29
-29
-29
-29
-29
-29
-29
-29
-29
-29
-29
-29
-29
-29
-29
-29
-29
-29
-29
-29
-29
-29
-29
-29
-29
-29
-29
-29
-29
-29
-29
-29
-29
-29
-29
-29
-29
-29
-29
-29
-29
-29
-29
-29
-29
-29
-29
-28
-25
-24
-24
-24
-24
-24
-24
-24
-24
-24
-24
-24
-24
-24
-24
-24
-24
-23
-22
-22
-22
-22
-22
-22
-21
-19
-19
-19
-19
-19
-19
-19
-19
-19
-19
-19
-19
-19
-19
-19
-19
-19
-19
-19
-19
-19
-19
-19
-19
-19
-20
-20
-20
-20
-20
-20
-23
-24
-24
-24
-24
-24
-24
-24
-24
-24
-24
-25
-26
-26
-26
-26
-26
-26
-26
-26
-26
-26
-26
-26
-26
-26
-26
-26
-26
-26
-26
-26
-26
-26
-26
-26
-26
-28
-28
-28
-28
-28
-28
-28
-28
-28
-28
-28
-28
-28
-28
-28
-28
-28
-28
-28
-28
-28
-28
-28
-28
-28
-28
-28
-28
-28
-28
-28
-28
-28
-28
-28
-28
-28
-28
-28
-28
-28
-28
-28
-28
-28
-29
-29
-29
-29
-29
-29
-29
-29
-29
-29
-29
-29
-29
-29
-29
-29
-29
-29
-29
-29
-29
-29
-29
-29
-29
-29
-29
-29
-29
-29
-29
-29
-29
-29
-29
-29
-29
-29
-29
-29
-29
-29
-29
-29
-29
-29
-29
-29
-29
-29
-29
-29
-29
-29
-29
-29
-29
-29
-29
-29
-29
-29
-29
-29
-29
-29
-29
-29
-29
-29
-29
-29
-29
-29
-29
-29
-29
-29
-29
-29
-29
-29
-29
-29
-29
-29
-29
-29
-29
-29
-29
-29
-29
-29
-29
-29
-29
-29
-29
-29
-29
-29
-26
-23
-23
-23
-23
-23
-21
-18
-15
-12
-9
-6
-5
-5
-3
0
3
6
9
9
9
