0
0
0
0
0
0
0
0
0
0
0
0
0
0
0
0
0
0
0
0
0
0
0
0
0
0
0
0
0
0
0
0
0
0
0
0
0
0
0
0
0
0
0
0
0
0
0
0
0
0
0
0
0
0
0
0
0
0
0
0
0
0
0
0
0
2
5
8
11
13
13
13
13
13
13
13
13
15
18
21
24
25
26
29
31
31
31
31
31
31
31
31
31
31
31
31
31
31
31
31
31
31
31
31
31
31
31
31
31
31
31
31
31
31
31
31
31
31
31
31
31
31
31
31
31
31
31
31
31
31
31
31
31
31
31
31
31
31
31
31
31
31
31
31
31
31
31
31
31
31
31
31
31
31
31
31
30
27
24
22
19
16
13
10
7
4
1
-2
-5
-8
-11
-14
-17
-20
-23
-26
-29
-32
-35
-38
-41
-44
-47
-50
-53
-56
-59
-62
-65
-68
-71
-73
-73
-73
-73
-73
-73
-73
-73
-73
-73
-73
-73
-73
-73
-73
-73
-73
-73
-73
-73
-73
-73
-73
-76
-79
-79
-79
-81
-84
-86
-86
-87
-90
-93
-96
-99
-102
-104
-104
-104
-104
-104
-104
-104
-104
-104
-104
-104
-104
-104
-104
-104
-104
-104
-104
-104
-104
-104
-104
-104
-104
-104
-104
-104
-104
-104
-104
-104
-104
-104
-104
-104
-104
-104
-104
-104
-104
-104
-105
-108
-111
-114
-117
-120
-123
-126
-129
-132
-135
-138
-141
-144
-147
-150
-153
-156
-159
-162
-165
-168
-171
-174
-177
-180
-183
-186
-189
-192
-195
-198
-201
-204
-205
