0
0
0
0
0
0
0
0
0
0
0
0
0
0
0
0
0
0
0
0
0
0
0
0
1
4
7
10
13
13
13
13
13
13
13
13
13
13
13
13
13
14
14
14
14
14
14
14
14
14
14
14
14
14
14
14
14
14
14
14
14
14
14
14
14
14
14
14
14
14
14
14
14
16
19
22
25
28
31
34
37
40
43
46
47
47
47
47
47
47
47
47
47
47
47
47
50
53
56
58
58
58
58
58
58
58
60
62
62
62
62
62
63
63
63
64
64
67
70
72
72
72
72
72
72
74
77
80
83
86
89
92
95
98
101
104
107
110
113
116
119
122
125
128
131
134
137
140
143
146
149
152
155
158
161
164
167
170
173
176
179
182
185
188
191
194
196
196
196
196
196
196
196
196
196
196
196
196
196
196
196
196
196
196
196
196
196
196
196
196
196
196
196
196
196
196
194
191
190
190
187
187
187
187
187
187
187
187
187
187
187
187
187
187
187
187
187
187
187
187
187
187
187
187
187
187
187
187
187
187
187
187
187
187
187
187
187
187
190
193
196
198
198
198
198
198
198
198
198
198
198
198
198
198
198
198
198
198
198
198
198
198
195
194
194
194
