0
0
0
0
0
0
0
0
0
0
2
3
3
3
3
3
3
3
3
3
3
3
3
3
3
3
3
5
8
10
10
10
10
10
10
10
10
10
10
10
10
10
10
10
10
10
10
10
10
10
10
10
10
10
10
10
10
10
10
10
10
10
10
10
10
10
10
10
10
10
10
10
10
10
10
10
10
10
10
10
10
7
5
5
5
5
5
5
5
5
5
5
5
5
5
5
5
5
5
5
4
1
1
1
1
1
1
1
1
1
1
1
1
1
1
1
1
1
1
1
1
1
1
-1
-3
-3
-3
-3
-3
-3
-3
-3
-3
-3
-3
-3
-3
-3
-3
-3
-3
-3
-3
-3
-3
-3
-3
-3
-3
-3
-3
-3
-3
-2
1
2
5
5
6
9
9
9
12
12
12
12
12
12
12
12
12
12
12
12
12
12
12
12
12
12
12
12
12
12
12
12
12
12
12
12
12
12
12
12
12
12
12
12
12
12
12
12
12
12
12
12
12
12
12
12
12
12
12
12
12
12
12
12
12
12
12
12
12
12
10
7
7
5
2
2
2
2
2
2
2
2
2
2
2
2
2
2
0
-2
-2
-2
-2
-2
-2
-2
-2
-2
-2
-2
-2
-2
0
2
2
2
2
2
2
2
2
2
2
2
2
2
2
2
2
2
2
2
2
2
2
2
2
2
-1
-3
-3
-3
-3
-3
-3
-3
-3
-3
-3
-3
-3
-3
-3
-3
-3
-3
-3
-3
-3
-3
-3
-3
-3
-3
-3
-3
-3
-3
-3
-3
-3
-3
-3
-3
-3
0
1
1
1
1
1
1
2
5
5
5
5
5
5
5
5
5
5
5
5
5
5
5
5
5
5
5
5
5
5
5
5
5
5
5
5
5
5
5
5
3
0
-1
-1
-1
-1
-1
-1
-1
-1
-3
-5
-5
-5
-5
-5
-5
-5
-5
-5
-5
-5
-5
-5
-5
-7
-8
-8
-8
-8
-8
-8
-8
-8
-8
-8
-8
-8
-6
-4
-4
-4
-4
-4
-4
-4
-4
-4
-4
-4
-4
-3
0
3
6
9
12
14
14
14
14
14
14
14
14
14
14
14
14
14
14
14
14
14
14
14
14
14
14
14
14
14
14
14
14
14
14
14
14
14
14
14
14
14
14
14
14
14
14
14
14
14
14
14
14
14
14
14
14
14
14
14
14
14
14
14
14
14
14
14
14
14
14
14
14
14
14
16
19
22
22
22
22
22
22
22
22
22
22
22
22
