0
0
0
0
0
0
0
0
0
0
0
0
0
0
0
0
0
1
4
7
7
7
7
7
7
7
7
7
7
7
7
7
7
7
7
7
7
7
7
7
7
7
7
7
7
7
5
6
9
12
15
18
21
24
27
29
29
29
29
32
35
38
41
44
47
47
47
47
47
50
53
56
59
62
65
68
71
74
77
80
83
86
89
92
95
98
101
104
107
110
113
116
119
122
125
128
131
134
137
140
143
146
146
146
146
146
146
146
146
146
148
151
154
154
154
154
154
154
154
154
154
154
154
154
154
156
157
160
163
165
165
165
165
166
169
171
172
174
175
175
175
175
175
175
175
175
175
175
175
175
175
175
175
175
175
175
177
180
183
186
189
192
195
198
201
202
202
202
202
202
202
202
202
202
202
202
202
202
202
202
202
202
202
202
202
202
202
202
202
202
204
207
210
213
216
219
219
219
219
219
219
219
219
219
219
219
219
219
222
225
228
231
234
237
240
243
246
249
252
255
258
261
264
267
270
273
276
279
282
285
288
291
294
297
300
303
306
309
312
315
318
321
324
327
330
333
336
339
342
345
348
351
354
357
360
363
366
367
368
371
374
377
380
383
386
389
392
395
398
401
404
407
410
413
416
419
422
425
428
431
434
437
440
443
446
449
452
455
458
461
464
467
470
473
476
479
482
485
488
491
494
497
500
503
506
509
512
515
518
521
524
527
530
533
536
539
541
541
542
545
548
551
554
557
560
563
566
569
572
