0
0
0
0
0
0
0
0
0
0
0
0
0
2
5
7
7
7
7
7
7
7
7
7
7
7
7
7
7
7
7
7
7
7
9
12
13
13
13
13
13
13
13
13
13
13
13
13
14
15
15
15
15
15
15
14
14
14
14
14
12
12
12
12
11
10
10
10
10
9
9
9
9
9
8
8
8
8
7
7
6
3
0
-3
-6
-9
-12
-15
-18
-21
-24
-27
-30
-33
-36
-39
-42
-45
-48
-51
-54
-57
-60
-63
-66
-69
-72
-75
-78
-81
-84
-87
-90
-92
-92
-92
-92
-92
-92
-92
-92
-92
-92
-93
-96
-99
-102
-105
-108
-111
-114
-117
-120
-123
-126
-129
-132
-135
-135
-135
-135
-135
-135
-135
-135
-135
-135
-138
-141
-144
-147
-150
-153
-156
-159
-162
-162
-162
-161
-158
-155
-152
-152
-152
-152
-149
-146
-143
-140
-137
-134
-131
-128
-125
-123
-123
-123
-123
-123
-123
-123
-123
-126
-129
-132
-135
-135
-135
-135
-135
-135
-135
