0
0
0
0
0
0
0
0
0
0
0
0
0
0
0
0
0
0
0
0
0
0
0
0
0
0
0
0
0
0
0
0
0
0
0
0
0
0
0
0
3
5
5
5
5
5
5
5
5
5
7
8
11
13
13
13
13
16
19
22
25
28
31
34
37
40
43
46
46
46
46
46
46
46
46
46
46
46
44
41
41
41
41
41
41
41
42
45
48
51
54
57
60
63
66
69
72
75
75
75
75
72
69
66
66
66
66
66
66
66
66
66
66
66
66
66
65
65
65
65
65
65
65
65
65
65
66
66
68
69
69
71
74
77
80
83
86
86
86
86
86
86
86
86
86
86
86
87
89
89
89
89
89
89
89
88
88
88
88
88
88
88
88
88
88
88
88
88
88
88
88
87
87
87
87
87
87
87
87
87
87
87
87
86
86
86
86
84
81
78
75
72
71
71
71
71
71
69
66
64
67
70
73
76
76
76
76
78
