0
0
0
0
0
0
0
0
0
0
0
0
0
0
0
0
0
0
0
0
0
0
0
0
0
0
0
0
0
2
5
8
11
14
17
20
23
25
25
26
29
32
35
38
41
44
47
50
53
56
59
62
65
68
71
74
77
80
83
86
89
92
95
98
101
104
107
110
113
116
119
122
125
128
131
134
137
140
143
146
149
152
155
158
161
164
167
167
167
167
167
167
167
167
167
168
171
174
177
180
183
186
189
192
195
198
201
204
206
206
206
206
206
206
206
206
206
206
206
206
206
206
207
210
213
216
219
222
225
228
231
234
237
240
242
245
247
247
247
247
247
247
247
247
247
247
247
247
247
247
247
247
244
241
238
234
231
228
225
222
219
216
213
210
207
204
201
198
195
192
189
186
183
180
177
174
171
168
165
162
159
156
153
150
