0
0
0
0
0
0
0
1
4
7
10
10
10
10
10
10
11
14
17
20
21
21
21
21
21
21
21
23
26
28
28
28
28
28
28
28
30
32
35
36
36
36
36
36
36
36
36
36
39
42
45
48
51
54
57
60
63
66
69
72
75
76
76
76
76
76
76
76
76
76
76
76
76
76
76
76
76
76
76
76
76
79
82
85
88
91
94
97
97
99
102
105
108
109
109
109
109
109
110
113
116
119
122
125
128
131
134
137
139
139
136
133
130
127
124
121
118
115
112
109
106
105
105
106
109
112
115
118
121
124
127
130
133
136
139
142
145
146
146
146
146
145
142
140
136
136
138
141
144
147
150
153
156
159
162
165
168
171
174
177
179
181
183
186
189
191
191
191
191
191
191
191
193
196
199
202
205
205
207
210
213
216
219
222
225
228
231
234
234
234
234
235
238
240
243
246
249
251
251
251
251
251
251
251
253
256
259
262
265
268
271
272
272
272
272
272
272
272
272
274
277
280
283
286
289
292
292
292
292
292
292
294
297
300
303
305
304
301
298
295
292
289
286
283
280
277
274
