0
0
0
0
0
0
0
0
0
0
0
0
0
0
0
0
0
0
0
0
0
0
0
0
0
0
0
0
0
0
0
0
0
0
0
0
0
0
0
0
0
0
0
0
0
0
0
0
0
0
0
0
0
0
0
0
0
0
0
0
0
0
0
0
0
0
0
0
0
0
0
0
0
0
0
0
0
0
0
0
0
0
0
0
0
0
0
0
0
0
0
0
0
0
0
0
0
0
0
0
0
0
0
0
0
0
0
0
0
0
0
0
0
0
0
0
0
0
0
0
0
0
0
0
0
0
0
0
0
0
0
0
0
0
0
0
0
0
0
0
3
6
8
8
8
8
8
8
8
8
8
8
8
8
8
8
8
8
7
4
2
2
2
-1
-4
-5
-5
-5
-5
-5
-5
-5
-7
-10
-11
-11
-11
-11
-11
-11
-11
-11
-11
-11
-11
-11
-11
-11
-11
-13
-16
-19
-22
-25
-28
-31
-34
-37
-40
-42
-42
-42
-42
-42
-42
-42
-43
-46
-49
-52
-55
-58
-58
-58
-58
-58
-58
-58
-58
-58
-58
-58
-58
-58
-58
-58
-58
-58
-58
-58
-58
-58
-58
-58
-58
-58
-58
-58
-58
-58
-58
-58
-58
-58
-58
-58
-58
-58
-58
-58
-58
-58
-58
-58
-57
-54
-51
-49
-49
-49
-49
-49
-49
-49
-49
-49
-49
-49
-49
-49
-49
-49
-49
-46
-46
-45
-45
-45
-45
-45
-45
-45
-45
-45
-45
-45
-45
-45
-45
-45
-45
-45
-45
-45
-45
-45
-45
-45
-45
-45
-45
-45
-45
-45
-45
-45
-45
-45
-45
-45
-45
-45
-45
-45
-45
-45
-45
-45
-45
-45
-45
-45
-45
-45
-45
-45
-45
-45
-45
-45
-45
-45
-45
-45
-45
-45
-45
-45
-45
-45
-45
-45
-45
-45
-44
-41
-41
-41
-41
-41
-41
-41
-41
-41
-41
-41
-41
-41
-41
-41
-41
-41
-41
-41
-41
-41
-41
-41
-41
-41
-41
-41
-41
-41
-41
-41
-41
-41
-41
-41
-41
-41
-41
-41
-41
-41
-41
-41
-41
-41
-41
-41
-41
-41
-41
-41
-41
-41
-41
-41
-41
-41
-41
-41
-41
-41
-41
-41
-41
-41
-41
-41
-41
-41
-41
-41
-41
-41
-41
-41
-41
-41
-41
-41
-41
-41
-41
-41
-40
-40
-39
-39
-39
-39
-39
-39
-39
-39
-39
-39
-39
-39
-39
-39
-39
-39
-39
-39
-39
-39
-39
-39
-39
-39
-39
-39
-39
-39
-39
-39
-39
-39
-39
-39
-39
-39
-39
-39
-39
-39
-39
-39
-39
-39
-39
-39
-39
-39
-39
-39
-39
-39
-39
-39
-39
-39
-39
-39
-39
-39
-39
-39
-39
-39
-39
-39
-39
-39
-39
-39
-39
-39
-39
-39
-39
-39
-39
-39
-39
-39
-39
-39
-39
-39
-39
-39
-39
-39
-39
-39
-39
-39
-39
-39
-39
-39
-39
-39
-39
-39
-39
-39
-39
-39
-39
-39
-39
-39
-39
-39
-39
-39
-39
-39
-39
-39
-39
-39
-39
-39
-39
-39
-39
-39
-39
-39
-39
-39
-39
-39
-39
-39
-39
-39
-39
-39
-39
-39
-39
-39
-39
-39
-39
-39
-39
-38
-36
-35
-35
-35
-35
-33
-30
-30
-30
-30
-30
-30
-30
-30
-30
-33
-36
-37
-38
-38
-38
-38
-38
-38
-38
-38
-38
-38
-38
-38
-38
-39
-42
-45
-48
-50
-50
-50
-50
-50
-50
-50
-50
-50
-50
-50
-50
-50
-50
-50
-50
-50
-50
-50
-50
-50
-50
-50
-50
-50
-50
-50
-50
-50
-50
-50
-50
-50
-50
-50
-50
-50
-50
-50
-50
-50
-50
-50
-50
-50
-50
-50
-50
-50
-50
-50
-50
-50
-50
-50
-50
-50
-50
-50
-50
-50
-50
-50
-50
-50
-50
-50
-50
-50
-50
-50
-50
-50
-50
-50
-50
-50
-50
-50
-50
-50
-50
-50
-50
-50
-50
-50
-50
-50
-50
-50
-50
-50
-50
-50
-50
-50
-50
-50
-50
-50
-50
-50
-50
-50
-50
-50
-50
-50
-50
-50
-50
-50
-50
-50
-50
-50
-50
-50
-50
-50
-50
-50
-50
-50
-50
-50
-50
-50
-50
-50
-50
-50
-50
-50
-50
-50
-50
-50
-50
-50
-50
-50
-50
-50
-50
-50
-50
-50
-50
-50
-50
-50
-50
-50
-50
-50
-50
-50
-50
-50
-50
-50
-50
-50
-50
-50
-50
-50
-50
-50
-50
-50
-50
-50
-50
-50
-50
-50
-50
-50
-50
-50
-50
-50
-50
-50
-50
-50
-50
-50
-50
-50
-50
-50
-50
-50
-50
-50
-50
-50
-50
-50
-50
-50
-50
-50
-50
-50
-50
-50
-50
-50
-50
-50
-50
-50
-50
-50
-50
-50
-50
-50
-50
-50
-50
-50
-50
-50
-50
-50
-50
-50
-50
-50
-50
-50
-50
-50
-50
-50
-50
-50
-50
-50
-50
-50
-50
-50
-50
-50
-50
-50
-50
-50
-50
-50
-50
-50
-50
-50
-50
-50
-51
-52
-52
-52
-52
-52
-52
-52
-52
-52
-52
-52
-52
-53
-54
-55
-55
-55
-55
-55
-55
-55
-55
-55
-55
-55
-55
-55
-55
-55
-55
-55
-55
-55
-55
-55
-55
-55
-55
-55
-55
-55
-55
-55
-55
-55
-55
-55
-55
-55
-55
-55
-55
-55
-55
-55
-55
-55
-55
-55
-55
-55
-55
-55
-55
-55
-55
-55
-55
-55
-55
-55
-55
-55
-55
-55
-55
-55
-55
-55
-55
-55
-55
-55
-55
-57
-60
-60
-60
-60
-60
-60
-60
-60
-60
-60
-60
-60
-60
-60
-60
-60
-60
-60
-60
-60
-60
-60
-60
-60
-60
-60
-60
-60
-60
-60
-60
-60
-60
-60
-60
-60
-60
-60
-60
-60
-60
-60
-60
-60
-60
-60
-60
-60
-60
-60
-60
-60
-60
-60
-60
-60
-60
-60
-60
-60
-60
-60
-60
-60
-60
-60
-60
-60
-60
-60
-60
-60
-60
-60
-60
-60
-60
-60
-60
-60
-60
-60
-60
-60
-60
-60
-60
-60
-60
-60
-60
-60
-60
-60
-60
-60
-60
-60
-60
-60
-60
-60
-60
-60
-60
-60
-60
-60
-60
-60
-60
-60
-60
-60
-60
-60
-60
-60
-60
-60
-60
-60
-60
-60
-60
-60
-60
-60
-60
-60
-60
-60
-60
-60
-60
-60
-60
-60
-60
-60
-60
-60
-60
-58
-56
-53
-51
-49
-49
-49
-49
-49
-49
-49
-49
-49
-49
-49
-49
-49
-49
-49
-49
-49
-49
-49
-49
-49
-49
-49
-49
-49
-49
-49
-49
-49
-49
-49
-49
-49
-49
-49
-49
-49
-49
-49
-49
-49
-49
-49
-49
-50
-53
-56
-59
-62
-65
-67
-67
-67
-67
-67
-67
-67
-67
-67
-67
-67
-67
-67
-67
-67
-67
-67
-67
-67
-67
-67
-67
-67
-67
-67
-67
-67
-67
-67
-65
-63
-62
-62
-62
-62
-62
-62
-62
-62
-62
-62
-62
-62
-62
-62
-62
-62
-62
-62
-62
-62
-62
-62
-62
-62
-62
-62
-62
-62
-62
-62
-62
-62
-62
-62
-62
-62
-62
-62
-62
-62
-62
-62
-62
-62
-62
-62
-62
-62
-62
-62
-62
-62
-62
-62
-62
-62
-62
-62
-62
-62
-62
-62
-62
-62
-62
-62
-62
-62
-62
-62
-62
-62
-62
-62
-62
-62
-62
-62
-62
-62
-62
-62
