0
0
0
0
0
0
0
0
0
0
0
0
0
0
0
0
0
0
0
0
0
0
0
0
0
0
0
0
0
0
0
0
0
0
0
0
0
0
0
0
0
0
0
0
0
0
0
0
0
0
0
0
0
0
0
0
0
0
0
0
0
0
0
0
0
0
0
0
0
0
0
0
0
0
0
0
0
0
0
0
0
0
0
0
0
0
0
0
0
0
0
0
0
0
0
0
-1
-3
-5
-8
-11
-14
-17
-20
-23
-26
-28
-30
-32
-34
-34
-31
-28
-25
-25
-25
-25
-25
-25
-25
-25
-25
-25
-25
-25
-25
-25
-25
-25
-25
-25
-25
-25
-25
-25
-25
-25
-25
-25
-25
-25
-25
-25
-25
-25
-25
-25
-27
-30
-32
-34
-37
-40
-41
-44
-45
-45
-45
-45
-45
-45
-45
-45
-45
-45
-47
-50
-52
-55
-55
-57
-60
-60
-60
-60
-60
-59
-58
-57
-55
-54
-52
-51
-50
-49
-48
-46
-44
-43
-41
-38
-35
-33
-31
-30
-27
-25
-22
-19
-16
-13
-10
-8
-5
-3
-3
-3
-3
-3
-3
-3
-3
-3
-3
-3
-3
-3
-3
-3
-3
-3
-3
-3
-3
-3
-3
-3
-3
-3
-3
-3
-3
-3
-3
-3
-3
-3
-3
-3
-3
-3
-3
-3
-3
-3
-3
-3
-3
-3
-3
-3
-3
-3
-3
-3
-3
-3
-3
-3
-3
-3
-3
-3
-3
-3
-3
-3
-3
-3
-3
-4
-6
-8
-9
-11
-13
-16
-19
-22
-23
-23
-23
-24
-27
-30
-32
-35
-38
-41
-44
-46
-49
-52
-55
-57
-60
-62
-65
-67
-70
-73
-76
-79
-82
-84
-86
-88
-91
-93
-94
-95
-97
-98
-100
-102
-104
-106
-108
-109
-112
-114
-116
-118
-119
-122
-125
-126
-127
-128
-129
-130
-132
-133
-136
-139
-141
-143
-146
-149
-152
-155
-158
-161
-164
-167
-168
-168
-168
-168
-168
