0
0
0
0
0
0
0
0
0
0
0
0
0
0
0
0
0
0
0
0
0
0
0
0
0
0
0
0
0
0
0
0
0
0
0
0
0
0
0
0
0
0
0
0
0
0
0
0
0
0
0
0
0
1
4
7
10
13
13
13
13
15
16
16
16
16
16
16
16
16
16
16
16
16
16
16
16
16
16
16
16
19
20
23
26
29
32
35
38
41
41
41
41
41
41
41
42
45
48
48
48
49
51
51
51
51
51
51
51
51
51
51
51
51
51
51
51
51
51
51
51
51
53
56
59
62
65
68
71
74
75
75
75
75
75
75
75
75
75
75
75
75
75
75
75
75
75
75
75
75
75
75
75
75
75
75
75
75
75
75
75
75
75
75
75
75
75
75
75
75
77
80
83
86
89
92
95
98
101
104
104
104
104
104
104
104
104
104
104
104
104
104
104
104
104
104
106
109
112
113
115
118
121
122
122
122
122
122
122
122
122
122
122
122
122
122
122
122
122
122
122
122
122
122
122
122
122
122
122
122
122
122
122
122
122
123
126
129
132
135
135
135
135
135
135
135
137
138
138
138
138
138
138
138
138
138
138
138
138
138
138
138
138
138
138
138
138
138
138
138
138
139
142
145
148
151
154
157
159
159
159
159
159
159
159
159
159
159
159
159
159
159
159
156
153
150
149
149
149
149
149
149
149
149
149
149
149
149
149
149
149
151
154
155
157
159
162
165
168
171
174
177
180
183
186
189
192
195
198
201
204
207
210
210
210
210
210
210
210
210
210
210
210
210
210
210
210
210
210
210
210
210
210
210
210
210
210
210
210
210
210
210
210
210
210
210
210
210
210
210
210
210
211
213
213
213
213
213
213
213
213
213
213
213
213
213
213
213
213
213
213
213
213
213
213
213
210
