0
0
0
0
0
0
0
0
0
0
0
0
0
0
0
0
0
0
0
1
1
1
1
2
5
8
8
8
8
8
8
8
8
8
8
8
8
8
8
8
8
8
8
8
8
8
8
8
8
8
8
8
10
13
15
17
17
17
17
17
17
17
20
22
22
22
22
22
22
22
22
22
22
22
22
22
22
22
22
22
22
22
22
22
22
22
22
19
16
13
11
11
11
10
7
5
5
5
2
-1
-1
-1
-1
-2
-5
-8
-8
-8
-8
-8
-8
-8
-8
-8
-8
-8
-8
-8
-8
-8
-8
-8
-8
-8
-8
-8
-5
-2
1
2
2
2
0
-3
-6
-6
-6
-9
-12
-14
-14
-14
-14
-17
-17
-17
-17
-17
-17
-17
-17
-17
-17
-17
-17
-17
-17
-17
-17
-17
-17
-17
-17
-17
-17
-17
-17
-17
-17
-19
-20
-20
-20
-20
-20
-20
-20
-20
-20
-20
-23
-25
-26
-26
-26
-26
-26
-26
-27
-30
-33
-33
-33
-33
-33
-33
-33
-33
-33
-33
-33
-33
-33
-33
-33
-32
-29
-27
-27
-27
-27
-27
-27
-30
-31
-31
-31
-31
-29
-28
