0
0
0
0
0
0
0
0
0
0
0
0
0
0
0
0
0
0
0
0
0
0
0
0
0
0
0
0
0
0
0
0
0
0
0
0
0
0
0
0
0
0
0
0
0
0
0
0
0
0
0
0
0
0
0
0
0
2
2
2
2
2
2
4
5
5
5
8
8
10
10
10
10
13
14
15
15
15
15
15
15
16
17
17
17
17
18
21
21
21
21
21
21
21
21
21
21
22
24
24
24
24
27
28
28
28
31
32
32
32
32
32
32
35
35
35
35
35
35
37
38
38
38
38
38
38
38
38
38
38
38
38
38
38
38
38
38
38
38
38
38
38
38
38
38
38
38
38
38
38
38
38
38
38
38
38
38
38
38
38
38
38
38
38
38
38
38
38
38
38
38
38
38
38
38
38
38
38
38
38
38
38
38
38
38
38
38
38
38
38
38
38
38
38
38
38
38
38
38
38
38
38
38
38
38
38
38
38
38
38
38
38
38
38
41
41
41
41
41
41
41
41
41
41
41
43
44
44
44
44
44
44
46
