0
0
0
0
0
0
0
0
0
0
0
0
0
0
0
0
0
0
0
0
0
0
0
0
0
0
0
0
0
0
0
0
3
4
4
5
6
6
7
10
13
14
16
19
22
25
28
31
34
37
40
43
46
49
51
54
57
60
63
66
67
70
73
76
79
82
83
83
83
83
83
83
83
83
83
83
83
83
83
83
83
83
83
83
83
83
83
83
83
83
83
83
83
83
80
78
78
76
73
72
72
75
78
81
84
87
88
88
91
94
97
99
99
96
93
92
94
97
100
103
106
109
112
115
118
121
123
123
123
123
123
123
123
123
125
128
128
129
131
133
133
133
133
133
134
135
136
138
139
140
140
140
141
142
142
142
142
143
145
146
147
147
147
147
147
147
149
150
151
152
