0
0
0
0
0
0
0
0
0
0
0
0
0
0
0
0
0
0
0
0
0
0
0
0
0
0
0
0
0
0
0
0
0
0
0
0
1
2
4
7
7
7
10
13
13
15
18
18
18
19
21
21
21
21
24
24
24
24
24
24
24
24
24
25
27
29
29
31
32
32
33
35
35
35
35
35
35
35
35
35
33
30
28
25
24
24
25
28
31
34
37
40
42
42
42
42
42
42
42
42
42
42
42
42
42
42
39
38
36
35
35
35
32
32
30
29
29
27
27
28
31
31
31
33
34
33
30
28
28
27
24
21
20
20
19
17
17
17
17
17
17
17
17
17
14
14
14
14
14
14
14
14
14
14
14
14
14
14
14
14
14
14
14
13
10
8
6
3
0
-3
-6
-9
-12
-14
-14
-14
-14
-14
-14
-14
-14
-14
-16
-18
-18
-18
-18
-18
-18
-21
-22
-22
-22
-22
-22
-22
-22
-22
-22
-22
-22
-22
-22
-22
-22
-22
-22
-22
-22
-22
-22
-22
-23
-24
-24
-24
-24
-24
-25
-26
-26
-27
-28
-28
-28
-29
-31
-31
-31
-31
-31
-31
-31
-34
-36
-36
-36
-39
-39
-39
-39
-39
-41
-43
-43
-43
-43
-44
-45
-45
-45
-45
-45
-45
-45
-45
-45
-45
-45
-47
-47
-47
-47
-48
-51
-51
-51
-51
-51
-53
-53
-53
-53
-56
-56
-56
-56
-56
-53
-52
-52
-50
-47
-47
-46
-45
-44
-43
-43
-41
-41
-41
