0
0
0
0
0
0
0
0
0
0
0
0
0
0
0
0
0
0
0
0
0
0
0
0
0
0
0
0
0
0
0
0
0
0
0
0
0
0
0
0
0
0
0
0
0
0
0
0
0
0
0
0
0
0
0
0
0
0
0
0
0
0
0
0
0
0
0
0
0
0
0
0
0
0
0
0
0
0
0
1
1
1
1
0
0
0
0
-1
-1
-1
-1
-2
-2
-2
-2
-2
-2
-2
-2
-2
-2
-2
-2
-2
-2
-3
-4
-5
-7
-7
-8
-9
-10
-10
-11
-11
-11
-11
-11
-13
-13
-13
-13
-13
-12
-9
-6
-6
-6
-6
-6
-6
-6
-6
-3
0
1
1
1
1
1
1
1
1
1
1
1
1
1
1
1
1
1
1
1
1
1
1
1
1
1
1
1
1
1
1
1
1
1
1
1
1
1
1
1
1
1
1
1
1
1
1
1
1
1
1
1
1
1
1
1
1
1
1
1
1
1
1
1
1
1
1
1
1
1
1
1
1
1
1
1
-2
-5
-8
-10
-12
-14
-16
-19
-21
-24
-26
-29
-31
-34
-37
-37
-37
-37
-37
-37
-37
-37
-37
-37
-37
-37
-37
-37
-37
-37
-37
-37
-37
-37
-37
-37
-37
-37
-37
-37
-37
-37
-37
-37
-37
-37
-37
-37
-37
-38
-39
-40
-42
-44
-46
-48
-49
-50
-51
-52
-53
-54
-55
-56
-57
-59
-60
-61
-62
-63
-64
-65
-66
-67
-69
-70
-71
-74
-76
-77
-79
-82
-85
-86
-89
-90
-91
-92
-93
-94
-94
-94
-94
-94
-94
-94
-94
-94
-94
-94
-94
-94
-94
-94
-94
-94
-94
-95
-96
-97
-99
-100
-101
-102
-103
-105
-106
-107
-109
-110
-112
-114
-116
-118
-119
-120
-122
-124
-125
-127
-129
-131
-132
-133
-135
-136
-137
-138
-140
-142
-143
-145
-147
-149
-152
-154
-156
-158
-158
-158
-158
-158
-158
-158
-158
-158
-158
-158
-158
-158
-158
-158
-158
-158
-158
-158
-158
-157
-155
-153
-151
-149
-148
-146
-143
-141
-139
-136
-134
-132
-130
-128
-126
-124
-122
-121
-119
-118
-116
-114
-112
-110
-109
-107
-105
-104
-101
-99
-97
-94
-91
-88
-86
-84
-82
-79
-77
-75
-73
-70
-70
-70
-70
-70
