0
0
0
0
0
0
0
0
0
0
0
0
0
0
0
0
0
0
0
0
0
0
0
0
0
0
0
0
0
0
0
0
0
0
0
0
0
0
0
0
0
0
0
0
0
-1
-4
-7
-8
-8
-8
-8
-8
-8
-8
-8
-8
-8
-7
-5
-5
-5
-5
-5
-5
-5
-5
-5
-5
-5
-5
-5
-5
-5
-5
-5
-5
-5
-7
-10
-10
-10
-10
-10
-10
-10
-10
-10
-10
-11
-14
-17
-20
-20
-20
-20
-20
-20
-20
-20
-20
-20
-20
-21
-24
-25
-25
-25
-25
-26
-29
-32
-35
-38
-38
-38
-38
-38
-38
-38
-38
-38
-38
-38
-38
-38
-38
-38
-38
-39
-42
-45
-45
-45
-45
-45
-47
-47
-47
-45
-42
-39
-36
-33
-30
-28
-28
-28
-27
-27
-27
-27
-27
-27
-27
-27
-27
-27
-27
-27
-27
-27
-27
-27
-27
-27
-27
-26
-23
-20
-17
-14
-11
-8
-5
-5
-5
-4
-4
-4
-4
-4
-4
-4
-4
-4
-4
-4
-4
-4
-4
-4
-4
-4
-4
-4
-4
-4
-4
-4
-4
-4
-4
-4
-4
-4
-4
-4
-4
-4
-4
-4
-4
-4
-4
-4
-4
-4
-4
-4
-4
-4
-4
-4
-4
-4
-4
-4
-4
-4
-4
-4
-4
-4
-4
-4
-4
-4
-4
-4
-4
-4
-4
-4
-4
-2
-1
-1
1
1
1
1
1
4
5
5
5
5
3
0
-3
-6
-9
-12
-13
