0
0
0
0
0
0
0
0
0
0
0
0
0
0
0
0
0
0
0
0
0
0
0
0
0
0
0
0
0
0
0
0
0
0
0
0
0
0
0
0
0
0
0
0
0
0
0
0
0
0
0
0
0
0
0
0
0
0
0
0
0
0
0
0
0
0
0
0
0
0
0
0
0
0
0
0
0
0
0
0
2
2
2
2
2
2
2
5
5
5
5
5
5
5
5
5
5
5
5
5
5
5
5
5
5
5
5
5
5
5
5
5
5
5
5
5
5
5
5
5
5
5
5
6
9
12
15
18
21
24
27
29
29
29
29
29
29
29
29
29
29
28
25
22
19
16
13
10
7
4
1
-2
-5
-8
-11
-14
-17
-20
-23
-26
-29
-32
-35
-38
-41
-44
-46
-49
-52
-55
-58
-61
-64
-67
-70
-73
-76
-79
-82
-85
-88
-91
-94
-97
-100
-103
-106
-109
-112
-115
-118
-121
-124
-127
-130
-133
-136
-139
-142
-145
-148
-151
-154
-157
-160
-161
-161
