0
0
0
0
0
0
0
0
0
0
0
0
0
0
0
0
0
0
0
0
0
0
0
0
0
0
0
0
0
0
0
0
0
0
0
0
2
3
3
3
3
3
6
9
12
15
18
21
24
27
30
33
36
39
42
45
48
51
54
57
60
63
66
69
72
72
72
72
72
72
72
72
72
72
72
72
72
72
72
72
72
72
72
72
72
72
72
72
72
72
72
72
72
72
72
72
72
72
72
72
72
72
72
72
72
72
72
72
72
72
72
72
72
74
77
80
83
86
89
92
95
98
101
104
107
110
113
116
119
122
125
128
131
134
137
140
143
146
149
152
155
158
161
164
167
170
173
176
179
182
185
188
191
194
197
200
203
206
209
212
215
218
221
224
227
230
233
236
239
242
245
248
251
254
257
260
263
266
269
272
275
278
281
284
287
290
293
296
299
302
305
308
311
314
317
320
323
326
329
332
335
338
341
344
347
350
351
351
351
351
351
351
351
351
351
351
351
351
351
351
351
351
351
351
351
351
351
351
351
351
351
351
351
351
351
351
351
351
351
351
351
351
351
351
351
351
351
351
351
351
351
351
351
351
351
351
351
351
351
351
351
351
351
351
351
351
351
351
351
351
351
351
351
351
351
351
351
351
351
351
351
351
351
351
351
351
351
351
351
350
347
344
341
338
335
332
329
326
323
320
317
314
311
308
305
302
299
296
293
290
287
284
284
284
284
284
284
284
284
284
284
284
284
284
284
284
284
284
284
284
285
287
287
287
287
287
287
287
287
287
287
287
287
287
287
287
287
287
287
287
287
287
287
287
287
287
287
287
287
287
287
287
287
287
287
290
290
290
290
290
290
290
290
290
290
290
290
290
290
290
290
290
290
290
290
290
290
290
290
290
290
290
290
290
290
290
290
290
290
290
290
290
290
290
290
290
290
290
290
290
290
290
290
290
290
290
290
290
290
290
290
290
290
290
290
290
290
290
290
290
290
290
290
290
290
290
290
290
290
290
290
290
290
290
290
290
291
294
297
300
303
304
304
304
305
308
311
314
317
320
323
326
329
332
333
333
333
333
333
333
333
333
333
335
338
341
344
346
348
351
354
357
360
363
366
369
372
375
378
381
384
387
390
393
396
399
402
405
408
411
414
417
420
423
426
429
432
435
438
441
444
445
445
445
445
445
445
445
445
445
445
445
445
445
445
445
445
445
445
445
445
445
445
445
445
445
445
445
445
445
445
445
445
445
445
445
445
445
445
445
445
445
445
445
445
445
445
445
445
445
445
445
445
445
445
445
445
445
445
445
445
445
445
445
445
445
445
445
445
445
445
445
445
445
445
445
445
445
445
445
445
445
445
445
445
445
445
445
445
445
445
445
445
445
445
445
445
445
445
445
445
445
445
445
445
445
445
445
445
445
445
445
445
445
445
445
445
445
445
445
445
445
445
445
445
445
445
445
445
445
445
445
445
445
445
445
445
445
445
445
445
445
445
445
445
445
445
445
445
445
445
445
445
445
445
445
445
445
445
445
445
445
446
449
452
455
458
461
464
467
470
473
476
479
482
485
488
491
494
497
500
503
506
509
512
515
518
521
524
527
530
533
536
539
542
545
548
551
554
557
560
563
566
569
572
575
578
581
584
587
590
593
596
599
602
605
608
611
614
617
620
623
626
629
632
635
638
641
644
647
650
653
656
659
662
665
668
671
674
677
680
683
686
689
692
695
698
701
704
707
710
713
716
719
722
725
728
728
728
728
728
728
728
728
728
728
728
728
728
728
728
728
728
728
728
728
728
728
728
728
728
728
728
728
728
728
728
728
728
728
728
728
728
728
728
728
728
728
728
728
728
728
728
728
728
728
728
728
728
728
728
728
728
728
728
728
728
728
728
728
728
728
728
728
728
728
728
728
728
728
728
728
728
728
728
728
728
728
728
728
728
728
728
728
728
728
728
728
728
728
728
728
728
728
728
728
728
728
728
728
728
728
728
728
728
728
728
728
728
728
728
728
728
728
728
728
728
729
732
735
738
741
744
747
750
753
756
759
762
765
768
771
774
777
780
783
783
786
789
791
791
791
791
791
792
795
796
796
796
796
797
800
803
806
809
812
815
818
821
824
827
830
833
836
839
842
845
848
851
854
857
860
863
866
869
872
875
878
881
884
887
890
893
896
899
902
905
908
911
914
917
920
920
920
920
920
920
920
920
920
920
920
920
920
920
920
920
920
920
920
920
920
920
920
920
920
920
920
920
920
920
920
920
920
920
920
920
920
920
920
920
920
920
920
920
920
920
920
920
920
920
920
920
920
920
920
920
920
920
920
920
920
920
920
920
920
920
920
920
920
920
920
920
920
920
920
920
920
920
920
920
920
920
920
920
920
920
920
920
920
920
920
920
920
920
920
920
920
920
920
920
920
920
920
920
920
920
920
920
920
920
920
920
920
920
920
920
920
920
920
920
920
920
920
920
920
920
920
920
920
920
920
920
920
920
920
920
920
920
920
920
920
920
920
920
920
920
920
920
920
920
920
920
920
920
920
920
920
920
920
920
920
920
920
920
920
920
920
920
920
920
920
920
920
920
920
923
926
929
932
935
938
941
944
947
950
953
956
959
962
965
968
971
974
977
978
979
982
985
988
991
994
997
1000
1003
1006
1009
1012
1013
1013
1013
1013
1013
1013
1013
1013
1013
1013
1013
1013
1013
1013
1013
1013
1013
1013
1012
1009
1009
1009
1009
1009
1009
1009
1009
1009
1009
1009
1009
1009
1009
1009
1009
1009
1009
1009
1007
1004
1001
998
995
992
989
986
983
980
977
974
971
968
965
962
959
956
953
950
947
944
941
938
937
937
937
937
937
937
937
937
937
937
937
937
937
937
937
937
937
937
937
937
937
937
937
937
937
937
937
937
937
937
937
937
937
937
937
937
937
937
937
937
937
937
937
937
937
937
937
937
937
937
937
937
937
937
937
937
937
937
937
937
937
937
937
937
937
937
937
937
937
937
937
937
937
937
937
937
937
937
937
937
937
937
937
937
937
937
937
937
937
937
937
937
937
937
937
937
937
937
937
937
937
937
937
937
937
937
937
937
937
937
937
937
937
937
937
937
937
937
937
937
937
937
937
937
937
937
937
937
937
937
937
937
937
937
937
937
937
937
937
937
937
937
937
937
937
937
937
937
937
937
937
937
937
937
937
937
937
937
937
937
937
937
937
937
937
937
937
937
937
937
937
937
937
937
937
937
937
937
937
937
937
937
937
937
937
937
937
937
937
937
937
937
937
937
937
937
937
937
937
937
937
937
937
937
937
937
937
937
937
937
937
937
937
937
937
937
937
937
937
937
937
937
940
943
946
949
952
955
958
958
958
958
958
958
958
958
958
958
958
958
958
958
958
958
958
958
958
958
958
958
958
958
958
958
958
958
958
958
958
958
958
958
958
958
958
958
958
958
958
958
958
958
955
952
949
946
943
940
937
934
931
928
925
923
923
923
923
923
923
923
923
923
923
923
923
923
923
923
923
923
923
923
923
923
923
923
923
923
923
923
923
923
923
923
923
923
923
923
923
923
923
923
923
923
922
921
921
921
921
921
921
921
921
921
921
921
921
921
921
921
921
921
921
921
921
921
921
921
921
921
921
921
921
921
921
921
921
921
921
921
921
921
921
921
921
921
921
921
921
921
921
921
921
921
921
921
921
921
921
921
921
921
921
921
921
921
921
921
921
921
921
921
921
921
921
921
921
921
921
921
921
921
921
921
921
921
921
921
921
921
921
921
921
921
921
921
921
921
921
921
921
921
921
921
921
921
921
921
921
921
921
921
921
921
921
921
921
921
921
921
921
921
921
921
921
921
921
921
921
921
921
921
921
921
921
921
921
921
921
921
921
921
921
921
921
921
921
921
921
921
921
921
921
921
921
921
921
921
921
921
921
921
921
921
921
921
921
921
921
921
921
921
921
921
921
921
921
921
921
921
921
921
921
921
921
921
921
921
921
921
921
921
921
921
921
921
921
921
921
921
921
921
921
921
921
921
921
921
921
921
921
921
921
921
921
921
921
921
921
921
921
921
921
921
921
921
921
921
921
921
921
921
921
921
921
921
921
921
921
921
921
921
921
921
921
921
921
921
921
921
921
921
921
921
921
924
927
930
933
936
939
942
945
948
951
954
957
960
963
966
969
972
975
978
981
984
987
988
988
988
988
988
988
988
988
988
988
988
988
988
988
988
988
988
988
988
988
988
988
988
988
988
988
988
988
988
988
988
988
988
988
988
988
988
988
988
988
988
988
988
988
988
988
988
988
988
988
988
988
988
988
988
988
988
988
988
988
988
988
988
988
988
988
988
988
988
988
988
988
988
988
988
988
988
988
988
988
988
988
988
988
988
988
988
988
988
988
988
988
988
988
988
988
988
988
988
988
988
988
988
988
988
988
988
988
988
988
988
988
988
988
988
988
988
988
988
990
993
996
999
1002
1005
1008
1011
1014
1017
1020
1023
