[]
[0]
[1]
[2]
[3]
[4]
[5]
[6]
[7]
[8]
[9]
[10]
[11]
[12]
[13]
[14]
[15]
[16]
[17, 'dd']
[18]
[19]
[20]
[21]
[22]
[23]
[24]
[25]
[26]
[27]
[28]
[29]
[30]
[31]
[32]
[33]
[34]
[35]
[36]
[37]
[38]
[39]
[40]
[41]
[42]
[43]
[44]
[45]
[46]
[47]
[48]
[49]
[50]
[51]
[52]
[53]
[54]
[55]
[56]
[57]
[58]
[59]
[60]
[61]
[62]
[63]
[64]
[65]
[66]
[67]
[68]
[69]
[70]
[71]
[72]
[73]
[74]
[75]
[76]
[77]
[78]
[79]
[80]
[81]
[82]
[83]
[84]
[85]
[86]
[87]
[88]
[89]
[90]
[91]
[92]
[93]
[94]
[95]
[96]
[97, 'du']
[98, 'ad']
[99]
[100]
[101]
[102]
[103]
[104]
[105]
[106]
[107]
[108]
[109]
[110]
[111, 'au']
[112]
[113]
[114, ' ']
[115]
[116]
[117]
[118, 'dd']
[119]
[120]
[121]
[122, 'du']
[123]
[124]
[125]
[126]
[127, 'dd']
[128]
[129]
[130]
[131]
[132]
[133]
[134]
[135]
[136]
[137, 'du']
[138]
[139]
[140]
[141, ' ']
[142]
[143]
[144]
[145]
[146, ' ']
[147]
[148]
[149]
[150]
[151, ' ']
[152]
[153]
[154]
[155]
[156]
[157, ' ']
[158]
[159]
[160, ' ']
[161]
[162]
[163, ' ']
[164]
[165]
[166]
[167]
[168]
[169, 'dd']
[170]
[171]
[172, 'du']
[173]
[174]
[175, ' ']
[176]
[177]
[178]
[179]
[180, 'dd', ' ']
[181]
[182]
[183, 'du']
[184]
[185]
[186, 'dd', ' ']
[187]
[188, 'du']
[189]
[190]
[191, ' ']
[192]
[193]
[194]
[195, 'dd']
[196, ' ']
[197, 'du']
[198]
[199]
[200]
[201, 'dd']
[202]
[203, 'du']
[204]
[205, 'dd', ' ']
[206]
[207, 'du']
[208]
[209, 'dd']
[210, ' ']
[211, 'du']
[212]
[213]
[214, 'ad', 'wd']
[215, 'dd', ' ']
[216]
[217, 'du']
[218, 'wu']
[219, 'dd']
[220, ' ']
[221]
[222]
[223, 'du']
[224, 'dd', ' ']
[225]
[226]
[227, 'du']
[228]
[229]
[230, ' ', 'dd', 'au']
[231, 'du']
[232]
[233, ' ']
[234]
[235, 'dd']
[236, 'du']
[237, ' ']
[238]
[239]
[240]
[241]
[242, ' ']
[243]
[244]
[245]
[246]
[247, ' ']
[248]
[249]
[250, 'dd', ' ']
[251, 'du']
[252]
[253, ' ']
[254, 'dd']
[255, 'du']
[256]
[257, 'dd', ' ']
[258]
[259]
[260, 'du']
[261, ' ', 'dd']
[262]
[263]
[264]
[265, 'du', 'dd']
[266, ' ']
[267]
[268, 'du']
[269]
[270, 'dd']
[271]
[272]
[273]
[274]
[275]
[276]
[277]
[278]
[279, 'du']
[280]
[281]
[282]
[283]
[284]
[285]
[286]
[287]
[288, ' ']
[289]
[290]
[291]
[292]
[293]
[294]
[295]
[296]
[297, 'dd', ' ']
[298]
[299, 'du']
[300]
[301, 'dd']
[302, ' ']
[303]
[304, 'du']
[305]
[306, ' ', 'dd']
[307]
[308, 'du']
[309]
[310, ' ', 'dd']
[311]
[312, 'du']
[313]
[314, 'dd']
[315, ' ']
[316]
[317]
[318, 'du', 'dd']
[319]
[320]
[321]
[322, 'du']
[323, 'dd']
[324, ' ']
