0.0
0.0
0.0
0.0
0.0
0.0
0.0
0.0
0.0
0.0
0.0
0.0
0.0
0.0
0.0
0.0
0.0
0.0
0.0
0.0
0.0
0.0
0.0
0.0
0.0
0.0
0.0
0.0
0.0
0.0
0.0
0.0
0.0
0.0
0.0
0.0
0.0
0.0
0.0
0.0
0.0
0.0
0.0
0.0
0.0
0.0
0.0
0.0
0.0
0.0
0.0
0.0
0.0
0.0
0.0
0.0
0.0
0.0
0.0
0.0
0.0
0.0
0.0
0.0
0.0
0.0
0.0
0.0
0.0
0.0
0.0
0.0
0.0
0.0
0.0
0.0
0.0
0.0
0.0
0.0
0.0
0.0
0.0
0.0
0.0
0.0
0.0
0.0
0.0
0.0
0.0
0.0
0.0
0.0
0.0
0.0
0.0
0.0
0.0
0.0
0.0
0.0
0.0
0.0
0.0
0.0
0.0
0.0
0.0
0.0
0.0
0.0
0.0
0.0
0.0
0.0
0.0
0.0
0.0
0.0
0.0
0.0
0.0
0.0
0.0
0.0
0.0
0.0
0.0
0.0
0.0
0.0
0.0
0.0
0.0
0.0
0.0
0.0
0.0
0.0
0.0
0.0
0.0
0.0
0.0
0.0
0.0
0.0
0.0
0.0
0.0
0.0
0.0
0.0
0.0
0.0
0.0
0.0
0.0
0.0
0.0
0.0
0.0
0.0
0.0
0.0
0.0
0.0
0.0
0.0
0.0
0.0
0.0
0.0
0.0
0.0
0.0
0.0
0.0
0.0
0.0
0.0
0.0
0.0
0.0
0.0
0.0
0.0
0.0
0.0
0.0
0.0
0.0
0.0
0.0
0.0
0.0
0.0
0.0
0.0
0.0
0.0
0.0
0.0
0.0
0.0
0.0
0.0
0.0
0.0
0.0
0.0
0.0
0.0
0.0
0.0
0.0
0.0
0.0
0.0
0.0
0.0
0.0
0.0
0.0
0.0
0.0
0.0
0.0
0.0
0.0
0.0
0.0
0.0
0.0
0.0
0.0
0.0
0.0
0.0
0.0
0.0
0.0
0.0
0.0
0.0
0.0
0.0
0.0
0.0
0.0
0.0
0.0
0.0
0.0
0.0
0.0
0.0
0.0
0.0
0.0
0.0
0.0
0.0
0.0
0.0
0.0
0.0
0.0
0.0
0.0
0.0
0.0
0.0
0.0
0.0
0.0
0.0
0.0
0.0
0.0
0.0
0.0
0.0
0.0
0.0
0.0
0.0
0.0
0.0
0.0
0.0
0.0
0.0
0.0
0.0
0.0
0.0
0.0
0.0
0.0
0.0
0.0
0.0
0.0
0.0
0.0
0.0
0.0
0.0
0.0
0.0
0.0
0.0
0.0
0.0
0.0
0.0
0.0
0.0
0.0
0.0
0.0
0.0
0.0
0.0
0.0
0.0
0.0
0.0
0.0
0.0
0.0
0.0
0.0
0.0
0.0
0.0
0.0
0.0
0.0
0.0
0.0
0.0
0.0
0.0
0.0
0.0
0.0
0.0
0.0
0.0
0.0
0.0
0.0
0.0
0.0
0.0
0.0
0.0
0.0
0.0
0.0
0.0
0.0
0.0
0.0
0.0
0.0
0.0
0.0
0.0
0.0
0.0
0.0
0.0
0.0
0.0
0.0
0.0
0.0
0.0
0.0
0.0
0.0
0.0
0.0
0.0
0.0
0.0
0.0
0.0
0.0
0.0
0.0
0.0
0.0
0.0
0.0
0.0
0.0
0.0
0.0
0.0
0.0
0.0
0.0
0.0
0.0
0.0
0.0
0.0
0.0
0.0
0.0
0.0
0.0
0.0
0.0
0.0
0.0
0.0
0.0
0.0
0.0
0.0
0.0
0.0
0.0
0.0
0.0
0.0
0.0
0.0
0.0
0.0
0.0
0.0
0.0
0.0
0.0
0.0
0.0
0.0
0.0
0.0
0.0
0.0
0.0
0.0
0.0
0.0
0.0
0.0
0.0
0.0
0.0
0.0
0.0
0.0
0.0
0.0
0.0
0.0
0.0
0.0
0.0
0.0
0.0
0.0
0.0
0.0
0.0
0.0
0.0
0.0
0.0
0.0
0.0
0.0
0.0
0.0
0.0
0.0
0.0
0.0
0.0
0.0
0.0
0.0
0.0
0.0
0.0
0.0
0.0
0.0
0.0
0.0
0.0
0.0
0.0
0.0
0.0
0.0
0.0
0.0
0.0
0.0
0.0
0.0
0.0
0.0
0.0
0.0
0.0
0.0
0.0
0.0
0.0
0.0
0.0
0.0
0.0
0.0
0.0
0.0
0.0
0.0
0.0
0.0
0.0
0.0
0.0
0.0
0.0
0.0
0.0
0.0
0.0
0.0
0.0
0.0
0.0
0.0
0.0
0.0
0.0
0.0
0.0
0.0
0.0
0.0
0.0
0.0
0.0
0.0
0.0
0.0
0.0
0.0
0.0
0.0
0.0
0.0
0.0
0.0
0.0
0.0
0.0
0.0
0.0
0.0
0.0
0.0
0.0
0.0
0.0
0.0
0.0
0.0
0.0
0.0
0.0
0.0
0.0
0.0
0.0
0.0
0.0
0.0
0.0
0.0
0.0
0.0
0.0
0.0
0.0
0.0
0.0
0.0
0.0
0.0
0.0
0.0
0.0
0.0
0.0
0.0
0.0
0.0
0.0
0.0
0.0
0.0
0.0
0.0
0.0
0.0
0.0
0.0
0.0
0.0
0.0
0.0
0.0
0.0
0.0
0.0
0.0
-1.0
-1.0
-1.0
-4.0
-4.0
-4.0
-7.0
-7.0
-7.0
-10.0
-10.0
-10.0
-13.0
-13.0
-13.0
-13.0
-13.0
-13.0
-13.0
-13.0
-13.0
-15.0
-15.0
-15.0
-18.0
-18.0
-18.0
-21.0
-21.0
-21.0
-24.0
-24.0
-24.0
-27.0
-27.0
-27.0
-30.0
-30.0
-30.0
-31.0
-31.0
-31.0
-31.0
-31.0
-31.0
-31.0
-31.0
-31.0
-31.0
-31.0
-31.0
-31.0
-31.0
-31.0
-31.0
-31.0
-31.0
-31.0
-31.0
-31.0
-31.0
-31.0
-31.0
-31.0
-31.0
-31.0
-31.0
-31.0
-31.0
-31.0
-31.0
-31.0
-31.0
-31.0
-31.0
-31.0
-31.0
-31.0
-31.0
-31.0
-31.0
-31.0
-31.0
-31.0
-31.0
-31.0
-31.0
-31.0
-31.0
-31.0
-31.0
-31.0
-31.0
-31.0
-31.0
-31.0
-31.0
-31.0
-31.0
-31.0
-31.0
-31.0
-31.0
-31.0
-31.0
-31.0
-31.0
-31.0
-31.0
-31.0
-31.0
-31.0
-31.0
-31.0
-31.0
-31.0
-31.0
-31.0
-31.0
-31.0
-31.0
-31.0
-31.0
-31.0
-31.0
-31.0
-31.0
-31.0
-31.0
-31.0
-31.0
-31.0
-31.0
-31.0
-31.0
-31.0
-31.0
-31.0
-31.0
-31.0
-31.0
-31.0
-31.0
-31.0
-31.0
-31.0
-31.0
-31.0
-31.0
-31.0
-31.0
-31.0
-31.0
-31.0
-31.0
-31.0
-31.0
-31.0
-31.0
-31.0
-31.0
-31.0
-31.0
-31.0
-31.0
-31.0
-31.0
-31.0
-31.0
-31.0
-31.0
-31.0
-31.0
-31.0
-31.0
-31.0
-31.0
-31.0
-31.0
-31.0
-31.0
-31.0
-31.0
-31.0
-31.0
-31.0
-31.0
-31.0
-31.0
-31.0
-31.0
-31.0
-31.0
-31.0
-31.0
-31.0
-31.0
-31.0
-31.0
-31.0
-31.0
-31.0
-31.0
-31.0
-31.0
-31.0
-31.0
-31.0
-31.0
-31.0
-31.0
-31.0
-31.0
-31.0
-31.0
-31.0
-31.0
-31.0
-31.0
-31.0
-31.0
-31.0
-31.0
-31.0
-31.0
-31.0
-31.0
-31.0
-31.0
-31.0
-31.0
-31.0
-31.0
-31.0
-31.0
-31.0
-31.0
-31.0
-31.0
-31.0
-31.0
-31.0
-31.0
-31.0
-31.0
-31.0
-31.0
-31.0
-31.0
-31.0
-31.0
-31.0
-31.0
-31.0
-31.0
-31.0
-31.0
-31.0
-31.0
-31.0
-31.0
-31.0
-31.0
-31.0
-31.0
-31.0
-31.0
-31.0
-31.0
-31.0
-31.0
-31.0
-31.0
-31.0
-31.0
-31.0
-31.0
-31.0
-31.0
-31.0
-31.0
-31.0
-31.0
-31.0
-31.0
-31.0
-31.0
-31.0
-31.0
-31.0
-31.0
-31.0
-31.0
-31.0
-31.0
-31.0
-31.0
-31.0
-31.0
-31.0
-31.0
-31.0
-31.0
-31.0
-31.0
-31.0
-31.0
-31.0
-31.0
-31.0
-31.0
-31.0
-31.0
-31.0
-31.0
-31.0
-31.0
-31.0
-31.0
-31.0
-31.0
-31.0
-31.0
-31.0
-31.0
-31.0
-31.0
-31.0
-31.0
-31.0
-31.0
-31.0
-31.0
-31.0
-31.0
-31.0
-31.0
-31.0
-31.0
-31.0
-31.0
-31.0
-31.0
-31.0
-31.0
-31.0
-31.0
-31.0
-31.0
-31.0
-31.0
-31.0
-31.0
-31.0
-31.0
-31.0
-31.0
-31.0
-31.0
-31.0
-31.0
-31.0
-31.0
-31.0
-31.0
-31.0
-31.0
-31.0
-31.0
-31.0
-31.0
-31.0
-31.0
-31.0
-31.0
-31.0
-31.0
-31.0
-31.0
-31.0
-31.0
-31.0
-31.0
-31.0
-31.0
-31.0
-31.0
-31.0
-31.0
-31.0
-31.0
-31.0
-31.0
-31.0
-31.0
-31.0
-31.0
-31.0
-31.0
-31.0
-31.0
-31.0
-31.0
-31.0
-31.0
-31.0
-31.0
-31.0
-31.0
-31.0
-31.0
-32.0
-32.0
-32.0
-35.0
-35.0
-35.0
-38.0
-38.0
-38.0
-41.0
-41.0
-41.0
-44.0
-44.0
-44.0
-47.0
-47.0
-47.0
-50.0
-50.0
-50.0
-53.0
-53.0
-53.0
-56.0
-56.0
-56.0
-59.0
-59.0
-59.0
-62.0
-62.0
-62.0
-65.0
-65.0
-65.0
-68.0
-68.0
-68.0
-71.0
-71.0
-71.0
-74.0
-74.0
-74.0
-77.0
-77.0
-77.0
-80.0
-80.0
-80.0
-83.0
-83.0
-83.0
-86.0
-86.0
-86.0
-89.0
-89.0
-89.0
-91.0
-91.0
-91.0
-91.0
-91.0
-91.0
-91.0
-91.0
-91.0
-91.0
-91.0
-91.0
-91.0
-91.0
-91.0
-91.0
-91.0
-91.0
-91.0
-91.0
-91.0
-91.0
-91.0
-91.0
-91.0
-91.0
-91.0
-91.0
-91.0
-91.0
-91.0
-91.0
-91.0
-91.0
-91.0
-91.0
-91.0
-91.0
-91.0
-91.0
-91.0
-91.0
-91.0
-91.0
-91.0
-91.0
-91.0
-91.0
-91.0
-91.0
-91.0
-91.0
-91.0
-91.0
-91.0
-91.0
-91.0
-91.0
-91.0
-91.0
-91.0
-91.0
-91.0
-91.0
-91.0
-91.0
-91.0
-91.0
-91.0
-91.0
-91.0
-91.0
-91.0
-91.0
-91.0
-91.0
-91.0
-91.0
-91.0
-91.0
-91.0
-91.0
-91.0
-91.0
-91.0
-91.0
-91.0
-91.0
-91.0
-91.0
-91.0
-91.0
-91.0
-91.0
-91.0
-91.0
-91.0
-91.0
-91.0
-91.0
-91.0
-91.0
-91.0
-91.0
-91.0
-91.0
-91.0
-91.0
-91.0
-91.0
-91.0
-91.0
-91.0
-91.0
-91.0
-91.0
-91.0
-91.0
-91.0
-91.0
-91.0
-91.0
-91.0
-91.0
-91.0
-91.0
-91.0
-91.0
-91.0
-91.0
-91.0
-91.0
-91.0
-91.0
-91.0
-91.0
-91.0
-91.0
-91.0
-91.0
-91.0
-91.0
-91.0
-91.0
-91.0
-91.0
-91.0
-91.0
-91.0
-91.0
-91.0
-91.0
-91.0
-91.0
-91.0
-91.0
-91.0
-91.0
-91.0
-91.0
-91.0
-91.0
-91.0
-91.0
-91.0
-91.0
-91.0
-91.0
-91.0
-91.0
-91.0
-91.0
-91.0
-91.0
-91.0
-91.0
-91.0
-91.0
-91.0
-91.0
-91.0
-91.0
-91.0
-91.0
-91.0
-91.0
-91.0
-91.0
-91.0
-91.0
-91.0
-91.0
-91.0
-91.0
-91.0
-91.0
-91.0
-91.0
-91.0
-91.0
-91.0
-91.0
-91.0
-91.0
-91.0
-91.0
-91.0
-91.0
-91.0
-91.0
-91.0
-91.0
-91.0
-91.0
-91.0
-91.0
-91.0
-91.0
-91.0
-91.0
-91.0
-91.0
-91.0
-91.0
-91.0
-91.0
-91.0
-91.0
-91.0
-91.0
-91.0
-91.0
-91.0
-91.0
-91.0
-91.0
-91.0
-91.0
-91.0
-91.0
-91.0
-91.0
-91.0
-91.0
-91.0
-91.0
-91.0
-91.0
-91.0
-91.0
-91.0
-91.0
-91.0
-91.0
-91.0
-91.0
-91.0
-91.0
-91.0
-91.0
-91.0
-91.0
-91.0
-91.0
-91.0
-91.0
-91.0
-91.0
-91.0
-91.0
-91.0
-91.0
-91.0
-91.0
-91.0
-91.0
-91.0
-91.0
-91.0
-91.0
-91.0
-91.0
-91.0
-91.0
-91.0
-91.0
-91.0
-91.0
-91.0
-91.0
-91.0
-94.0
-94.0
-94.0
-97.0
-97.0
-97.0
-100.0
-100.0
-100.0
-103.0
-103.0
-103.0
-106.0
-106.0
-106.0
-109.0
-109.0
-109.0
-112.0
-112.0
-112.0
-112.0
-112.0
-112.0
-112.0
-112.0
-112.0
-112.0
-112.0
-112.0
-112.0
-112.0
-112.0
-112.0
-112.0
-112.0
-112.0
-112.0
-112.0
-112.0
-112.0
-112.0
-112.0
-112.0
-112.0
-112.0
-112.0
-112.0
-112.0
-112.0
-112.0
-112.0
-112.0
-112.0
-112.0
-112.0
-112.0
-112.0
-112.0
-112.0
-112.0
-112.0
-112.0
-112.0
-112.0
-112.0
-112.0
-112.0
-112.0
-112.0
-112.0
-112.0
-112.0
-112.0
-112.0
-112.0
-112.0
-112.0
-112.0
-112.0
-112.0
-112.0
-112.0
-112.0
-112.0
-112.0
-112.0
-112.0
-112.0
-112.0
-112.0
-112.0
-112.0
-112.0
-112.0
-112.0
-112.0
-112.0
-112.0
-112.0
-112.0
-112.0
-112.0
-112.0
-112.0
-112.0
-112.0
-112.0
-112.0
-112.0
-112.0
-112.0
-112.0
-112.0
-112.0
-112.0
-112.0
-112.0
-112.0
-112.0
-112.0
-112.0
-112.0
-112.0
-112.0
-112.0
-112.0
-112.0
-112.0
-112.0
-112.0
-112.0
-112.0
-112.0
-112.0
-112.0
-112.0
-112.0
-112.0
-112.0
-112.0
-112.0
-112.0
-112.0
-112.0
-112.0
-112.0
-112.0
-112.0
-112.0
-112.0
-112.0
-112.0
-112.0
-112.0
-112.0
-112.0
-112.0
-112.0
-112.0
-112.0
-112.0
-112.0
-112.0
-112.0
-112.0
-112.0
-112.0
-112.0
-112.0
-112.0
-112.0
-112.0
-112.0
-112.0
-112.0
-112.0
-112.0
-112.0
-112.0
-112.0
-112.0
-112.0
-112.0
-112.0
-112.0
-112.0
-112.0
-112.0
-112.0
-112.0
-112.0
-112.0
-112.0
-112.0
-112.0
-112.0
-112.0
-112.0
-112.0
-112.0
-112.0
-112.0
-112.0
-112.0
-112.0
-112.0
-112.0
-112.0
-112.0
-112.0
-112.0
-112.0
-112.0
-112.0
-112.0
-112.0
-112.0
-112.0
-112.0
-112.0
-112.0
-112.0
-112.0
-112.0
-112.0
-112.0
-112.0
-112.0
-112.0
-112.0
-112.0
-112.0
-112.0
-112.0
-112.0
-112.0
-112.0
-112.0
-112.0
-112.0
-112.0
-112.0
-112.0
-112.0
-112.0
-112.0
-112.0
-112.0
-112.0
-112.0
-112.0
-112.0
-112.0
-112.0
-112.0
-112.0
-112.0
-112.0
-112.0
-112.0
-112.0
-112.0
-112.0
-112.0
-112.0
-112.0
-112.0
-112.0
-112.0
-112.0
-112.0
-112.0
-112.0
-112.0
-112.0
-112.0
-112.0
-112.0
-112.0
-112.0
-112.0
-112.0
-112.0
-112.0
-112.0
-112.0
-112.0
-112.0
-112.0
-112.0
-112.0
-112.0
-112.0
-112.0
-112.0
-112.0
-112.0
-112.0
-112.0
-112.0
-112.0
-112.0
-112.0
-112.0
-112.0
-112.0
-112.0
-113.0
-113.0
-113.0
-116.0
-116.0
-116.0
-119.0
-119.0
-119.0
-122.0
-122.0
-122.0
-125.0
-125.0
-125.0
-128.0
-128.0
-128.0
-131.0
-131.0
-131.0
-134.0
-134.0
-134.0
-137.0
-137.0
-137.0
-140.0
-140.0
-140.0
-143.0
-143.0
-143.0
-146.0
-146.0
-146.0
-149.0
-149.0
-149.0
-152.0
-152.0
-152.0
-155.0
-155.0
-155.0
-158.0
-158.0
-158.0
-161.0
-161.0
-161.0
-164.0
-164.0
-164.0
-167.0
-167.0
-167.0
-170.0
-170.0
-170.0
-173.0
-173.0
-173.0
-176.0
-176.0
-176.0
-179.0
-179.0
-179.0
-182.0
-182.0
-182.0
-185.0
-185.0
-185.0
-188.0
-188.0
-188.0
-190.0
-190.0
-190.0
-190.0
-190.0
-190.0
-190.0
-190.0
-190.0
-190.0
-190.0
-190.0
-190.0
-190.0
-190.0
-190.0
-190.0
-190.0
-190.0
-190.0
-190.0
-190.0
-190.0
-190.0
-190.0
-190.0
-190.0
-190.0
-190.0
-190.0
-190.0
-190.0
-190.0
-190.0
-190.0
-190.0
-190.0
-190.0
-190.0
-190.0
-190.0
-190.0
-190.0
-190.0
-190.0
-190.0
-190.0
-190.0
-190.0
-190.0
-190.0
-190.0
-190.0
-190.0
-190.0
-190.0
-190.0
-190.0
-190.0
-190.0
-190.0
-190.0
-190.0
-190.0
-190.0
-190.0
-190.0
-190.0
-190.0
-190.0
-190.0
-190.0
-190.0
-190.0
-190.0
-190.0
-190.0
-190.0
-190.0
-190.0
-190.0
-190.0
-190.0
-190.0
-190.0
-190.0
-190.0
-190.0
-190.0
-190.0
-190.0
-190.0
-190.0
-190.0
-190.0
-190.0
-190.0
-190.0
-190.0
-190.0
-190.0
-190.0
-190.0
-190.0
-190.0
-190.0
-190.0
-190.0
-190.0
-190.0
-190.0
-190.0
-190.0
-190.0
-190.0
-190.0
-190.0
-190.0
-190.0
-190.0
-190.0
-190.0
-190.0
-190.0
-190.0
-190.0
-190.0
-190.0
-190.0
-190.0
-190.0
-190.0
-190.0
-190.0
-190.0
-190.0
-190.0
-190.0
-190.0
-190.0
-190.0
-190.0
-190.0
-190.0
-190.0
-190.0
-190.0
-190.0
-190.0
-190.0
-190.0
-190.0
-190.0
-190.0
-190.0
-190.0
-190.0
-190.0
-190.0
-187.0
-187.0
-187.0
-184.0
-184.0
-184.0
-181.0
-181.0
-181.0
-178.0
-178.0
-178.0
-175.0
-175.0
-175.0
-172.0
-172.0
-172.0
-169.0
-169.0
-169.0
-166.0
-166.0
-166.0
-163.0
-163.0
-163.0
-160.0
-160.0
-160.0
-160.0
-160.0
-160.0
-160.0
-160.0
-160.0
-160.0
-160.0
-160.0
-160.0
-160.0
-160.0
-160.0
-160.0
-160.0
-160.0
-160.0
-160.0
-160.0
-160.0
-160.0
-160.0
-160.0
-160.0
-160.0
-160.0
-160.0
-160.0
-160.0
-160.0
-160.0
-160.0
-160.0
-160.0
-160.0
-160.0
-160.0
-160.0
-160.0
-160.0
-160.0
-160.0
-160.0
-160.0
-160.0
-160.0
-160.0
-160.0
-160.0
-160.0
-160.0
-160.0
-160.0
-160.0
-160.0
-160.0
-160.0
-160.0
-160.0
-160.0
-160.0
-160.0
-160.0
-160.0
-160.0
-160.0
-160.0
-160.0
-160.0
-160.0
-160.0
-160.0
-160.0
-160.0
-160.0
-160.0
-160.0
-160.0
-160.0
-160.0
-160.0
-160.0
-160.0
-160.0
-160.0
-160.0
-160.0
-160.0
-160.0
-160.0
-160.0
-160.0
-160.0
-160.0
-160.0
-160.0
-160.0
-160.0
-160.0
-160.0
-160.0
-160.0
-160.0
-160.0
-160.0
-160.0
-160.0
-160.0
-160.0
-160.0
-160.0
-160.0
-160.0
-160.0
-160.0
-160.0
-160.0
-160.0
-160.0
-160.0
-160.0
-160.0
-160.0
-160.0
-160.0
-160.0
-160.0
-160.0
-160.0
-160.0
-160.0
-160.0
-160.0
-160.0
-160.0
-160.0
-160.0
-160.0
-160.0
-160.0
-160.0
-160.0
-160.0
-160.0
-160.0
-160.0
-160.0
-160.0
-160.0
-160.0
-160.0
-160.0
-160.0
-160.0
-160.0
-160.0
-160.0
-160.0
-160.0
-160.0
-160.0
-160.0
-160.0
-160.0
-160.0
-160.0
-160.0
-160.0
-160.0
-160.0
-160.0
-160.0
-160.0
-160.0
-160.0
-160.0
-160.0
-160.0
-160.0
-160.0
-160.0
-160.0
-160.0
-160.0
-160.0
-160.0
-160.0
-160.0
-160.0
-160.0
-160.0
-160.0
-160.0
-160.0
-160.0
-160.0
-160.0
-160.0
-160.0
-160.0
-160.0
-160.0
-160.0
-160.0
-161.0
-161.0
-161.0
-164.0
-164.0
-164.0
-167.0
-167.0
-167.0
-170.0
-170.0
-170.0
-173.0
-173.0
-173.0
-176.0
-176.0
-176.0
-179.0
-179.0
-179.0
-182.0
-182.0
-182.0
-185.0
-185.0
-185.0
-187.0
-187.0
-187.0
-187.0
-187.0
-187.0
-187.0
-187.0
-187.0
-187.0
-187.0
-187.0
-187.0
-187.0
-187.0
-187.0
-187.0
-187.0
-187.0
-187.0
-187.0
-187.0
-187.0
-187.0
-187.0
-187.0
-187.0
-187.0
-187.0
-187.0
-187.0
-187.0
-187.0
-187.0
-187.0
-187.0
-187.0
-187.0
-187.0
-187.0
-187.0
-187.0
-187.0
-187.0
-187.0
-187.0
-187.0
-187.0
-187.0
-187.0
-187.0
-187.0
-187.0
-187.0
-187.0
-187.0
-187.0
-187.0
-187.0
-187.0
-187.0
-187.0
-187.0
-187.0
-187.0
-187.0
-187.0
-187.0
-187.0
-187.0
-187.0
-187.0
-187.0
-187.0
-187.0
-187.0
-187.0
-187.0
-187.0
-187.0
-187.0
-187.0
-187.0
-187.0
-187.0
-187.0
-187.0
-187.0
-187.0
-187.0
-187.0
-187.0
-187.0
-187.0
-187.0
-187.0
-187.0
-187.0
-187.0
-187.0
-187.0
-187.0
-187.0
-187.0
-187.0
-187.0
-187.0
-187.0
-187.0
-187.0
-187.0
-187.0
-187.0
-187.0
-187.0
-187.0
-187.0
-187.0
-187.0
-187.0
-187.0
-187.0
-187.0
-187.0
-187.0
-187.0
-187.0
-187.0
-187.0
-187.0
-187.0
-187.0
-187.0
-187.0
-187.0
-187.0
-187.0
-187.0
-187.0
-187.0
-187.0
-187.0
-187.0
-187.0
-187.0
-187.0
-187.0
-187.0
-187.0
-187.0
-187.0
-187.0
-187.0
-187.0
-187.0
-187.0
-187.0
-187.0
-187.0
-187.0
-187.0
-187.0
-187.0
-187.0
-187.0
-187.0
-187.0
-187.0
-187.0
-187.0
-187.0
-187.0
-187.0
-187.0
-187.0
-187.0
-187.0
-187.0
-187.0
-187.0
-187.0
-187.0
-187.0
-187.0
-187.0
-187.0
-187.0
-187.0
-187.0
-187.0
-187.0
-187.0
-187.0
-187.0
-187.0
-187.0
-187.0
-187.0
-187.0
-187.0
-187.0
-187.0
-187.0
-187.0
-187.0
-187.0
-187.0
-187.0
-187.0
-187.0
-187.0
-187.0
-187.0
-187.0
-187.0
-187.0
-187.0
-187.0
-187.0
-187.0
-187.0
-187.0
-187.0
-187.0
-187.0
-187.0
-187.0
-187.0
-187.0
-187.0
-187.0
-187.0
-187.0
-187.0
-187.0
-187.0
-187.0
-187.0
-187.0
-187.0
-187.0
-187.0
-187.0
-187.0
-187.0
-187.0
-187.0
-187.0
-187.0
-187.0
-187.0
-187.0
-187.0
-187.0
-187.0
-187.0
-187.0
-187.0
-187.0
-187.0
-187.0
-187.0
-187.0
-187.0
-187.0
-187.0
-187.0
-187.0
-187.0
-187.0
-187.0
-187.0
-187.0
-187.0
-187.0
-187.0
-187.0
-187.0
-187.0
-187.0
-187.0
-187.0
-187.0
-187.0
-187.0
-187.0
-187.0
-187.0
-187.0
-187.0
-187.0
-187.0
-187.0
-187.0
-187.0
-187.0
-187.0
-187.0
-187.0
-187.0
-187.0
-187.0
-187.0
-187.0
-187.0
-187.0
-187.0
-187.0
-187.0
-187.0
-187.0
-187.0
-187.0
-187.0
-187.0
-187.0
-187.0
-187.0
-187.0
-187.0
-187.0
-187.0
-187.0
-187.0
-187.0
-187.0
-187.0
-187.0
-187.0
-187.0
-187.0
-187.0
-187.0
-187.0
-187.0
-187.0
-187.0
-187.0
-187.0
-187.0
-187.0
-187.0
-187.0
-187.0
-187.0
-187.0
-187.0
-187.0
-187.0
-187.0
-187.0
-187.0
-187.0
-187.0
-187.0
-187.0
-187.0
-187.0
-187.0
-187.0
-187.0
-187.0
-187.0
-187.0
-187.0
-187.0
-187.0
-187.0
-187.0
-187.0
-187.0
-187.0
-187.0
-187.0
-187.0
-187.0
-187.0
-187.0
-187.0
-187.0
-187.0
-187.0
-187.0
-187.0
-187.0
-187.0
-187.0
-187.0
-187.0
-187.0
-187.0
-187.0
-187.0
-187.0
-187.0
-187.0
-187.0
-187.0
-187.0
-187.0
-187.0
-187.0
-187.0
-187.0
-187.0
-187.0
-187.0
-187.0
-187.0
-187.0
-187.0
-187.0
-187.0
-187.0
-187.0
-187.0
-187.0
-187.0
-187.0
-187.0
-187.0
-187.0
-187.0
-187.0
-187.0
-187.0
-187.0
-187.0
-187.0
-187.0
-187.0
-187.0
-187.0
-187.0
-187.0
-187.0
-187.0
-187.0
-187.0
-187.0
-187.0
-187.0
-187.0
-187.0
-187.0
-187.0
-187.0
-187.0
-187.0
-187.0
-187.0
-187.0
-187.0
-187.0
-187.0
-187.0
-187.0
-187.0
-187.0
-187.0
-187.0
-187.0
-187.0
-187.0
-187.0
-187.0
-187.0
-187.0
-187.0
-187.0
-187.0
-187.0
-187.0
-187.0
-187.0
-187.0
-187.0
-187.0
-187.0
-187.0
-187.0
-187.0
-187.0
-187.0
-187.0
-187.0
-187.0
-187.0
-187.0
-187.0
-187.0
-187.0
-187.0
-187.0
-187.0
-187.0
-187.0
-187.0
-187.0
-187.0
-187.0
-187.0
-187.0
-187.0
-187.0
-187.0
-187.0
-187.0
-187.0
-187.0
-187.0
-187.0
-187.0
-187.0
-187.0
-187.0
-187.0
-187.0
-187.0
-187.0
-187.0
-187.0
-187.0
-187.0
-187.0
-187.0
-187.0
-187.0
-187.0
-187.0
-187.0
-187.0
-187.0
-187.0
-187.0
-187.0
-187.0
-188.0
-188.0
-188.0
-191.0
-191.0
-191.0
-194.0
-194.0
-194.0
-197.0
-197.0
-197.0
-200.0
-200.0
-200.0
-203.0
-203.0
-203.0
-206.0
-206.0
-206.0
-208.0
-208.0
-208.0
-208.0
-208.0
-208.0
-208.0
-208.0
-208.0
-208.0
-208.0
-208.0
-208.0
-208.0
-208.0
-208.0
-208.0
-208.0
-208.0
-208.0
-208.0
-208.0
-208.0
-208.0
-208.0
-208.0
-208.0
-208.0
-208.0
-208.0
-208.0
-208.0
-208.0
-208.0
-208.0
-208.0
-208.0
-208.0
-208.0
-208.0
-208.0
-208.0
-208.0
-208.0
-208.0
-208.0
-208.0
-208.0
-208.0
-208.0
-208.0
-208.0
-208.0
-208.0
-208.0
-208.0
-208.0
-208.0
-208.0
-208.0
-208.0
-208.0
-208.0
-208.0
-208.0
-208.0
-208.0
-208.0
-208.0
-208.0
-208.0
-208.0
-208.0
-208.0
-208.0
-208.0
-208.0
-208.0
-208.0
-208.0
-208.0
-208.0
-208.0
-208.0
-208.0
-208.0
-208.0
-208.0
-208.0
-208.0
-208.0
-208.0
-208.0
-208.0
-208.0
-208.0
-208.0
-208.0
-208.0
-208.0
-208.0
-208.0
-208.0
-208.0
-208.0
-208.0
-208.0
-208.0
-208.0
-208.0
-208.0
-208.0
-208.0
-208.0
-208.0
-208.0
-208.0
-208.0
-208.0
-208.0
-208.0
-208.0
-208.0
-208.0
-208.0
-208.0
-208.0
-208.0
-208.0
-208.0
-208.0
-208.0
-208.0
-208.0
-208.0
-208.0
-208.0
-208.0
-208.0
-208.0
-208.0
-208.0
-208.0
-208.0
-208.0
-208.0
-208.0
-208.0
-208.0
-208.0
-208.0
-208.0
-208.0
-208.0
-208.0
-208.0
-208.0
-208.0
-208.0
-208.0
-208.0
-208.0
-208.0
-208.0
-208.0
-208.0
-208.0
-208.0
-208.0
-208.0
-208.0
-208.0
-208.0
-208.0
-208.0
-208.0
-208.0
-208.0
-208.0
-208.0
-208.0
-208.0
-208.0
-208.0
-208.0
-208.0
-208.0
-208.0
-208.0
-208.0
-208.0
-208.0
-208.0
-208.0
-208.0
-208.0
-208.0
-208.0
-208.0
-208.0
-208.0
-208.0
-208.0
-208.0
-208.0
-208.0
-208.0
-208.0
-208.0
-208.0
-208.0
-208.0
-208.0
-208.0
-208.0
-208.0
-208.0
-208.0
-208.0
-208.0
-208.0
-208.0
-208.0
-208.0
-208.0
-208.0
-208.0
-208.0
-208.0
-208.0
-208.0
-208.0
-208.0
-208.0
-208.0
-208.0
-208.0
-208.0
-208.0
-208.0
-208.0
-208.0
-208.0
-208.0
-208.0
-208.0
-208.0
-208.0
-208.0
-208.0
-208.0
-208.0
-208.0
-208.0
-208.0
-208.0
-208.0
-208.0
-208.0
-208.0
-208.0
-208.0
-208.0
-208.0
-208.0
-208.0
-208.0
-208.0
-208.0
-208.0
-208.0
-208.0
-208.0
-208.0
-208.0
-208.0
-208.0
-208.0
-208.0
-208.0
-208.0
-208.0
-208.0
-208.0
-208.0
-208.0
-208.0
-208.0
-208.0
-208.0
-208.0
-208.0
-208.0
-208.0
-208.0
-208.0
-208.0
-208.0
-208.0
-208.0
-208.0
-208.0
-208.0
-208.0
-208.0
-208.0
-208.0
-208.0
-208.0
-208.0
-208.0
-208.0
-208.0
-208.0
-208.0
-208.0
-208.0
-208.0
-208.0
-208.0
-208.0
-208.0
-208.0
-208.0
-208.0
-208.0
-208.0
-208.0
-208.0
-208.0
-208.0
-208.0
-208.0
-208.0
-208.0
-208.0
-208.0
-208.0
-208.0
-208.0
-208.0
-208.0
-208.0
-208.0
-208.0
-208.0
-208.0
-208.0
-208.0
-208.0
-208.0
-208.0
-208.0
-208.0
-208.0
-208.0
-208.0
-208.0
-208.0
-208.0
-208.0
-208.0
-208.0
-208.0
-208.0
-208.0
-208.0
-208.0
-208.0
-208.0
-208.0
-208.0
-208.0
-208.0
-209.0
-209.0
-209.0
-212.0
-212.0
-212.0
-214.0
-214.0
-214.0
-214.0
-214.0
-214.0
-214.0
-214.0
-214.0
-215.0
-215.0
-215.0
-218.0
-218.0
-218.0
-221.0
-221.0
-221.0
-224.0
-224.0
-224.0
-227.0
-227.0
-227.0
-230.0
-230.0
-230.0
-233.0
-233.0
-233.0
-236.0
-236.0
-236.0
-239.0
-239.0
-239.0
-242.0
-242.0
-242.0
-245.0
-245.0
-245.0
-245.0
-245.0
-245.0
-245.0
-245.0
-245.0
-245.0
-245.0
-245.0
-245.0
-245.0
-245.0
-245.0
-245.0
-245.0
-245.0
-245.0
-245.0
-245.0
-245.0
-245.0
-245.0
-245.0
-245.0
-245.0
-245.0
-245.0
-245.0
-245.0
-245.0
-245.0
-245.0
-245.0
-245.0
-245.0
-245.0
-245.0
-245.0
-245.0
-245.0
-245.0
-245.0
-245.0
-245.0
-245.0
-245.0
-245.0
-245.0
-245.0
-245.0
-245.0
-245.0
-245.0
-245.0
-245.0
-245.0
-245.0
-245.0
-245.0
-245.0
-245.0
-245.0
-245.0
-245.0
-245.0
-245.0
-245.0
-245.0
-245.0
-245.0
-245.0
-245.0
-245.0
-245.0
-245.0
-245.0
-245.0
-245.0
-245.0
-245.0
-245.0
-245.0
-245.0
-245.0
-245.0
-245.0
-245.0
-245.0
-245.0
-245.0
-245.0
-245.0
-245.0
-245.0
-245.0
-245.0
-245.0
-245.0
-245.0
-245.0
-245.0
-245.0
-245.0
-245.0
-245.0
-245.0
-245.0
-245.0
-245.0
-245.0
-245.0
-245.0
-245.0
-245.0
-245.0
-245.0
-245.0
-245.0
-245.0
-245.0
-245.0
-245.0
-245.0
-245.0
-245.0
-245.0
-245.0
-245.0
-245.0
-245.0
-245.0
-245.0
-245.0
-245.0
-245.0
-245.0
-245.0
-245.0
-245.0
-245.0
-245.0
-245.0
-245.0
-245.0
-245.0
-245.0
-245.0
-245.0
-245.0
-245.0
-245.0
-245.0
-245.0
-245.0
-245.0
-245.0
-245.0
-245.0
-245.0
-245.0
-245.0
-245.0
-245.0
-245.0
-245.0
-245.0
-245.0
-245.0
-245.0
-245.0
-245.0
-245.0
-245.0
-245.0
-245.0
-245.0
-245.0
-245.0
-245.0
-245.0
-245.0
-245.0
-245.0
-245.0
-245.0
-245.0
-245.0
-245.0
-245.0
-245.0
-245.0
-245.0
-245.0
-245.0
-245.0
-245.0
-245.0
-245.0
-245.0
-245.0
-245.0
-245.0
-245.0
-245.0
-245.0
-245.0
-245.0
-245.0
-245.0
-245.0
-245.0
-245.0
-245.0
-245.0
-245.0
-245.0
-245.0
-245.0
-245.0
-245.0
-245.0
-245.0
-245.0
-245.0
-245.0
-245.0
-245.0
-245.0
-245.0
-245.0
-245.0
-245.0
-245.0
-245.0
-245.0
-245.0
-245.0
-245.0
-245.0
-245.0
-245.0
-245.0
-245.0
-245.0
-245.0
-245.0
-245.0
-245.0
-245.0
-245.0
-245.0
-245.0
-245.0
-245.0
-245.0
-245.0
-245.0
-245.0
-245.0
-245.0
-245.0
-245.0
-245.0
-245.0
-245.0
-245.0
-245.0
-245.0
-245.0
-245.0
-245.0
-245.0
-245.0
-245.0
-245.0
-245.0
-245.0
-245.0
-245.0
-245.0
-245.0
-245.0
-245.0
-245.0
-245.0
-245.0
-245.0
-245.0
-245.0
-245.0
-245.0
-245.0
-245.0
-245.0
-245.0
-245.0
-245.0
-245.0
-245.0
-245.0
-245.0
-245.0
-245.0
-245.0
-245.0
-245.0
-245.0
-245.0
-245.0
-245.0
-245.0
-245.0
-245.0
-245.0
-245.0
-245.0
-245.0
-245.0
-245.0
-245.0
-245.0
-245.0
-245.0
-245.0
-245.0
-245.0
-245.0
-245.0
-245.0
-245.0
-245.0
-245.0
-245.0
-245.0
-245.0
-245.0
-245.0
-245.0
-245.0
-245.0
-245.0
-245.0
-245.0
-245.0
-245.0
-245.0
-245.0
-245.0
-245.0
-245.0
-245.0
-245.0
-245.0
-245.0
-245.0
-245.0
-245.0
-245.0
-245.0
-245.0
-245.0
-245.0
-245.0
-245.0
-245.0
-245.0
-245.0
-245.0
-245.0
-245.0
-245.0
-245.0
-245.0
-245.0
-245.0
-245.0
-245.0
-245.0
-245.0
-245.0
-245.0
-245.0
-245.0
-245.0
-245.0
-245.0
-245.0
-245.0
-245.0
-245.0
-245.0
-245.0
-245.0
-245.0
-245.0
-245.0
-245.0
-245.0
-245.0
-245.0
-245.0
-245.0
-245.0
-245.0
-245.0
-245.0
-245.0
-245.0
-245.0
-245.0
-245.0
-245.0
-245.0
-245.0
-245.0
-245.0
-245.0
-245.0
-245.0
-245.0
-245.0
-245.0
-245.0
-245.0
-245.0
-245.0
-245.0
-245.0
-245.0
-245.0
-245.0
-245.0
-245.0
-245.0
-245.0
-245.0
-245.0
-245.0
-245.0
-245.0
-245.0
-245.0
-245.0
-245.0
-245.0
-245.0
-245.0
-245.0
-245.0
-245.0
-245.0
-245.0
-245.0
-245.0
-245.0
-245.0
-245.0
-245.0
-245.0
-245.0
-245.0
-245.0
-245.0
-245.0
-245.0
-245.0
-245.0
-245.0
-245.0
-245.0
-245.0
-245.0
-245.0
-245.0
-245.0
-245.0
-245.0
-245.0
-245.0
-245.0
-245.0
-245.0
-245.0
-245.0
-245.0
-245.0
-245.0
-245.0
-245.0
-245.0
-245.0
-245.0
-245.0
-245.0
-245.0
-245.0
-245.0
-245.0
-245.0
-245.0
-245.0
-245.0
-245.0
-245.0
-245.0
-245.0
-245.0
-245.0
-245.0
-245.0
-245.0
-245.0
-245.0
-245.0
-245.0
-245.0
-245.0
-245.0
-245.0
-245.0
-245.0
-245.0
-245.0
-245.0
-245.0
-245.0
-245.0
-245.0
-245.0
-245.0
-245.0
-245.0
-245.0
-245.0
-245.0
-245.0
-245.0
-245.0
-245.0
-245.0
-245.0
-245.0
-245.0
-245.0
-245.0
-245.0
-245.0
-245.0
-245.0
-245.0
-245.0
-245.0
-245.0
-245.0
-245.0
-245.0
-245.0
-245.0
-245.0
-245.0
-245.0
-245.0
-245.0
-245.0
-245.0
-245.0
-245.0
-245.0
-245.0
-245.0
-245.0
-245.0
-245.0
-245.0
-245.0
-245.0
-245.0
-245.0
-245.0
-245.0
-245.0
-245.0
-245.0
-245.0
-245.0
-245.0
-245.0
-245.0
-245.0
-245.0
-245.0
-245.0
-245.0
-245.0
-245.0
-245.0
-245.0
-245.0
-245.0
-245.0
-245.0
-245.0
-245.0
-245.0
-245.0
-245.0
-245.0
-245.0
-245.0
-245.0
-245.0
-245.0
-245.0
-245.0
-245.0
-245.0
-245.0
-245.0
-245.0
-245.0
-245.0
-245.0
-245.0
-245.0
-245.0
-245.0
-245.0
-245.0
-245.0
-245.0
-245.0
-245.0
-245.0
-245.0
-245.0
-245.0
-245.0
-245.0
-245.0
-245.0
-245.0
-245.0
-245.0
-245.0
-245.0
-245.0
-245.0
-245.0
-245.0
-245.0
-245.0
-245.0
-245.0
-245.0
-245.0
-245.0
-245.0
-245.0
-245.0
-245.0
-245.0
-245.0
-245.0
-245.0
-245.0
-245.0
-245.0
-245.0
-245.0
-245.0
-245.0
-245.0
-245.0
-245.0
-245.0
-245.0
-245.0
-245.0
-245.0
-245.0
-245.0
-245.0
-245.0
-245.0
-245.0
-245.0
-245.0
-245.0
-245.0
-245.0
-245.0
-245.0
-245.0
-245.0
-245.0
-245.0
-245.0
-245.0
-245.0
-245.0
-245.0
-245.0
-245.0
-245.0
-245.0
-245.0
-245.0
-245.0
-245.0
-245.0
-245.0
-245.0
-245.0
-245.0
-245.0
-245.0
-245.0
-245.0
-245.0
-245.0
-245.0
-245.0
-245.0
-245.0
-245.0
-245.0
-245.0
-245.0
-245.0
-245.0
-245.0
-245.0
-245.0
-245.0
-245.0
-245.0
-245.0
-245.0
-245.0
-245.0
-245.0
-245.0
-245.0
-245.0
-245.0
-245.0
-245.0
-245.0
-245.0
-245.0
-245.0
-245.0
-245.0
-245.0
-245.0
-245.0
-245.0
-245.0
-245.0
-245.0
-245.0
-245.0
-245.0
-245.0
-245.0
-245.0
-245.0
-245.0
-245.0
-245.0
-245.0
-245.0
-245.0
-245.0
-245.0
-245.0
-245.0
-245.0
-245.0
-245.0
-245.0
-245.0
-245.0
-245.0
-245.0
-245.0
-245.0
-245.0
-245.0
-245.0
-245.0
-245.0
-245.0
-245.0
-245.0
-245.0
-245.0
-245.0
-245.0
-245.0
-245.0
-245.0
-245.0
-245.0
-245.0
-245.0
-245.0
-245.0
-245.0
-245.0
-245.0
-245.0
-245.0
-245.0
-245.0
-245.0
-245.0
-245.0
-245.0
-245.0
-245.0
-245.0
-245.0
-245.0
-245.0
-245.0
-245.0
-245.0
-245.0
-245.0
-245.0
-245.0
-245.0
-245.0
-245.0
-245.0
-245.0
-245.0
-245.0
-245.0
-245.0
-245.0
-245.0
-245.0
-245.0
-245.0
-245.0
-245.0
-245.0
-245.0
-245.0
-245.0
-245.0
-245.0
-245.0
-245.0
-245.0
-245.0
-245.0
-245.0
-245.0
-245.0
-245.0
-245.0
-246.0
-246.0
-246.0
-249.0
-249.0
-249.0
-249.0
-249.0
-249.0
-249.0
-249.0
-249.0
-249.0
-249.0
-249.0
-249.0
-249.0
-249.0
-249.0
-249.0
-249.0
-249.0
-249.0
-249.0
-249.0
-249.0
-249.0
-249.0
-249.0
-249.0
-249.0
-249.0
-249.0
-249.0
-249.0
-249.0
-249.0
-249.0
-249.0
-249.0
-249.0
-249.0
-249.0
-249.0
-249.0
-249.0
-249.0
-249.0
-249.0
-249.0
-249.0
-249.0
-249.0
-249.0
-249.0
-249.0
-249.0
-249.0
-249.0
-249.0
-249.0
-249.0
-249.0
-249.0
-249.0
-249.0
-249.0
-249.0
-249.0
-249.0
-249.0
-249.0
-248.0
-248.0
-248.0
-245.0
-245.0
-245.0
-242.0
-242.0
-242.0
-239.0
-239.0
-239.0
-236.0
-236.0
-236.0
-233.0
-233.0
-233.0
-230.0
-230.0
-230.0
-227.0
-227.0
-227.0
-224.0
-224.0
-224.0
-221.0
-221.0
-221.0
-218.0
-218.0
-218.0
-215.0
-215.0
-215.0
-212.0
-212.0
-212.0
-209.0
-209.0
-209.0
-206.0
-206.0
-206.0
-203.0
-203.0
-203.0
-200.0
-200.0
-200.0
-197.0
-197.0
-197.0
-194.0
-194.0
-194.0
-191.0
-191.0
-191.0
-188.0
-188.0
-188.0
-185.0
-185.0
-185.0
-182.0
-182.0
-182.0
-179.0
-179.0
-179.0
-176.0
-176.0
-176.0
-173.0
-173.0
-173.0
-170.0
-170.0
-170.0
-167.0
-167.0
-167.0
-164.0
-164.0
-164.0
-161.0
-161.0
-161.0
-158.0
-158.0
-158.0
-155.0
-155.0
-155.0
-152.0
-152.0
-152.0
-149.0
-149.0
-149.0
-146.0
-146.0
-146.0
-143.0
-143.0
-143.0
-140.0
-140.0
-140.0
-137.0
-137.0
-137.0
-134.0
-134.0
-134.0
-131.0
-131.0
-131.0
-128.0
-128.0
-128.0
-125.0
-125.0
-125.0
-122.0
-122.0
-122.0
-119.0
-119.0
-119.0
-116.0
-116.0
-116.0
-113.0
-113.0
-113.0
-110.0
-110.0
-110.0
-107.0
-107.0
-107.0
-104.0
-104.0
-104.0
-101.0
-101.0
-101.0
-98.0
-98.0
-98.0
-95.0
-95.0
-95.0
-92.0
-92.0
-92.0
-89.0
-89.0
-89.0
-86.0
-86.0
-86.0
-83.0
-83.0
-83.0
-82.0
-82.0
-82.0
