0.0
0.0
0.0
0.0
0.0
0.0
0.0
0.0
0.0
0.0
0.0
0.0
0.0
0.0
0.0
0.0
0.0
0.0
0.0
0.0
0.0
0.0
0.0
0.0
0.0
0.0
0.0
0.0
0.0
0.0
0.0
0.0
0.0
0.0
0.0
0.0
0.0
0.0
0.0
0.0
0.0
0.0
0.0
0.0
0.0
0.0
0.0
0.0
0.0
0.0
0.0
0.0
0.0
0.0
0.0
0.0
0.0
0.0
0.0
0.0
0.0
0.0
0.0
0.0
0.0
0.0
0.0
0.0
0.0
0.0
0.0
0.0
0.0
0.0
0.0
0.0
0.0
0.0
0.0
0.0
0.0
0.0
0.0
0.0
0.0
0.0
0.0
0.0
0.0
0.0
0.0
0.0
0.0
0.0
0.0
0.0
0.0
0.0
0.0
0.0
0.0
0.0
0.0
0.0
0.0
0.0
0.0
0.0
0.0
0.0
0.0
0.0
0.0
0.0
0.0
0.0
0.0
0.0
0.0
0.0
0.0
0.0
0.0
0.0
0.0
0.0
0.0
0.0
-1.0
-1.0
-1.0
-4.0
-4.0
-4.0
-7.0
-7.0
-7.0
-10.0
-10.0
-10.0
-13.0
-13.0
-13.0
-16.0
-16.0
-16.0
-19.0
-19.0
-19.0
-22.0
-22.0
-22.0
-25.0
-25.0
-25.0
-28.0
-28.0
-28.0
-29.0
-29.0
-29.0
-29.0
-29.0
-29.0
-29.0
-29.0
-29.0
-29.0
-29.0
-29.0
-29.0
-29.0
-29.0
-29.0
-29.0
-29.0
-29.0
-29.0
-29.0
-29.0
-29.0
-29.0
-29.0
-29.0
-29.0
-29.0
-29.0
-29.0
-29.0
-29.0
-29.0
-29.0
-29.0
-29.0
-29.0
-29.0
-29.0
-29.0
-29.0
-29.0
-29.0
-29.0
-29.0
-29.0
-29.0
-29.0
-28.0
-28.0
-28.0
-25.0
-25.0
-25.0
-22.0
-22.0
-22.0
-19.0
-19.0
-19.0
-16.0
-16.0
-16.0
-13.0
-13.0
-13.0
-13.0
-13.0
-13.0
-13.0
-13.0
-13.0
-13.0
-13.0
-13.0
-13.0
-13.0
-13.0
-13.0
-13.0
-13.0
-13.0
-13.0
-13.0
-13.0
-13.0
-13.0
-13.0
-13.0
-13.0
-13.0
-13.0
-13.0
-13.0
-13.0
-13.0
-13.0
-13.0
-13.0
-13.0
-13.0
-13.0
-13.0
-13.0
-13.0
-13.0
-13.0
-13.0
-13.0
-13.0
-13.0
-13.0
-13.0
-13.0
-13.0
-13.0
-13.0
-13.0
-13.0
-13.0
-13.0
-13.0
-13.0
-14.0
-14.0
-14.0
-17.0
-17.0
-17.0
-20.0
-20.0
-20.0
-20.0
-20.0
-20.0
-20.0
-20.0
-20.0
-20.0
-20.0
-20.0
-20.0
-20.0
-20.0
-20.0
-20.0
-20.0
