0.0
0.0
0.0
0.0
0.0
0.0
0.0
0.0
0.0
0.0
0.0
0.0
0.0
0.0
0.0
0.0
0.0
0.0
0.0
0.0
0.0
0.0
0.0
0.0
0.0
0.0
0.0
0.0
0.0
0.0
0.0
0.0
0.0
0.0
0.0
0.0
0.0
0.0
0.0
0.0
0.0
0.0
0.0
0.0
0.0
0.0
0.0
0.0
0.0
0.0
0.0
0.0
0.0
0.0
0.0
0.0
0.0
0.0
0.0
0.0
0.0
0.0
0.0
0.0
0.0
0.0
0.0
0.0
0.0
0.0
0.0
0.0
0.0
0.0
0.0
0.0
0.0
0.0
0.0
0.0
0.0
0.0
0.0
0.0
0.0
0.0
0.0
0.0
0.0
0.0
0.0
0.0
0.0
0.0
0.0
-1.0
-1.0
-1.0
-4.0
-4.0
-4.0
-7.0
-7.0
-7.0
-10.0
-10.0
-10.0
-13.0
-13.0
-13.0
-16.0
-16.0
-16.0
-19.0
-19.0
-19.0
-22.0
-22.0
-22.0
-22.0
-22.0
-22.0
-22.0
-22.0
-22.0
-22.0
-22.0
-22.0
-22.0
-22.0
-22.0
-22.0
-22.0
-22.0
-22.0
-22.0
-22.0
-22.0
-22.0
-22.0
-22.0
-22.0
-22.0
-22.0
-22.0
-22.0
-22.0
-22.0
-22.0
-22.0
-22.0
-22.0
-22.0
-22.0
-22.0
-22.0
-22.0
-22.0
-22.0
-22.0
-22.0
-22.0
-22.0
-22.0
-22.0
-22.0
-22.0
-22.0
-22.0
-22.0
-22.0
-22.0
-22.0
-22.0
-22.0
-22.0
-22.0
-22.0
-22.0
-22.0
-22.0
-22.0
-22.0
-22.0
-22.0
-22.0
-22.0
-22.0
-22.0
-22.0
-22.0
-22.0
-22.0
-22.0
-22.0
-22.0
-22.0
-22.0
-22.0
-22.0
-22.0
-22.0
-22.0
-22.0
-22.0
-22.0
-22.0
-22.0
-22.0
-22.0
-22.0
-22.0
-22.0
-22.0
-22.0
-22.0
-22.0
-22.0
-22.0
-22.0
-23.0
-23.0
-23.0
-26.0
-26.0
-26.0
-29.0
-29.0
-29.0
-32.0
-32.0
-32.0
-35.0
-35.0
-35.0
-38.0
-38.0
-38.0
-41.0
-41.0
-41.0
-44.0
-44.0
-44.0
-47.0
-47.0
-47.0
-50.0
-50.0
-50.0
-53.0
-53.0
-53.0
-56.0
-56.0
-56.0
-59.0
-59.0
-59.0
-62.0
-62.0
-62.0
-65.0
-65.0
-65.0
-68.0
-68.0
-68.0
-71.0
-71.0
-71.0
-72.0
-72.0
-72.0
-72.0
-72.0
-72.0
-72.0
-72.0
-72.0
-72.0
-72.0
-72.0
