0.0
0.0
0.0
0.0
0.0
0.0
0.0
0.0
0.0
0.0
0.0
0.0
0.0
0.0
0.0
0.0
0.0
0.0
0.0
0.0
0.0
0.0
0.0
0.0
0.0
0.0
0.0
0.0
0.0
0.0
0.0
0.0
0.0
0.0
0.0
0.0
0.0
0.0
0.0
0.0
0.0
0.0
0.0
0.0
0.0
0.0
0.0
0.0
0.0
0.0
0.0
0.0
0.0
0.0
0.0
0.0
0.0
0.0
0.0
0.0
0.0
0.0
0.0
0.0
0.0
0.0
0.0
0.0
0.0
0.0
0.0
0.0
0.0
0.0
0.0
0.0
0.0
0.0
0.0
0.0
0.0
0.0
0.0
0.0
0.0
0.0
0.0
0.0
0.0
0.0
0.0
0.0
0.0
0.0
0.0
0.0
0.0
0.0
0.0
0.0
0.0
0.0
0.0
0.0
0.0
0.0
0.0
0.0
0.0
0.0
0.0
0.0
0.0
0.0
0.0
0.0
0.0
0.0
0.0
0.0
0.0
0.0
0.0
0.0
0.0
0.0
0.0
0.0
0.0
0.0
0.0
0.0
0.0
0.0
0.0
0.0
0.0
0.0
0.0
0.0
0.0
0.0
0.0
0.0
0.0
0.0
0.0
0.0
0.0
0.0
0.0
0.0
0.0
0.0
0.0
0.0
0.0
0.0
0.0
0.0
0.0
0.0
0.0
0.0
0.0
0.0
0.0
0.0
0.0
0.0
0.0
0.0
0.0
0.0
0.0
0.0
0.0
0.0
0.0
0.0
0.0
0.0
0.0
0.0
0.0
0.0
0.0
0.0
0.0
0.0
0.0
0.0
0.0
0.0
0.0
0.0
0.0
0.0
0.0
0.0
0.0
0.0
0.0
0.0
0.0
0.0
0.0
0.0
0.0
0.0
0.0
0.0
0.0
0.0
0.0
0.0
0.0
0.0
0.0
0.0
0.0
0.0
0.0
0.0
0.0
0.0
0.0
0.0
0.0
0.0
2.0
2.0
4.0
4.0
7.0
7.0
10.0
10.0
10.0
11.0
11.0
14.0
14.0
17.0
17.0
17.0
20.0
20.0
22.0
22.0
25.0
25.0
25.0
28.0
28.0
30.0
30.0
33.0
33.0
33.0
35.0
35.0
36.0
36.0
38.0
38.0
38.0
41.0
41.0
43.0
43.0
43.0
43.0
43.0
43.0
43.0
43.0
43.0
43.0
43.0
43.0
43.0
43.0
43.0
43.0
43.0
43.0
43.0
43.0
43.0
43.0
43.0
43.0
43.0
43.0
44.0
44.0
46.0
46.0
49.0
49.0
49.0
52.0
52.0
54.0
54.0
56.0
56.0
56.0
58.0
58.0
61.0
61.0
64.0
64.0
67.0
67.0
67.0
67.0
67.0
67.0
67.0
67.0
67.0
67.0
67.0
67.0
67.0
67.0
67.0
67.0
67.0
69.0
69.0
72.0
72.0
74.0
74.0
74.0
74.0
74.0
74.0
74.0
74.0
74.0
74.0
75.0
75.0
78.0
78.0
80.0
80.0
80.0
82.0
82.0
85.0
85.0
88.0
88.0
88.0
91.0
91.0
94.0
94.0
97.0
97.0
97.0
100.0
100.0
103.0
103.0
103.0
103.0
103.0
103.0
103.0
103.0
103.0
103.0
103.0
103.0
103.0
103.0
103.0
103.0
103.0
103.0
103.0
103.0
103.0
103.0
103.0
103.0
103.0
103.0
103.0
103.0
103.0
103.0
103.0
103.0
103.0
103.0
103.0
103.0
103.0
103.0
103.0
103.0
103.0
103.0
103.0
103.0
103.0
103.0
103.0
103.0
103.0
104.0
104.0
107.0
107.0
110.0
110.0
110.0
112.0
112.0
115.0
115.0
118.0
118.0
118.0
121.0
121.0
124.0
124.0
127.0
127.0
127.0
130.0
130.0
133.0
133.0
136.0
136.0
136.0
139.0
139.0
142.0
142.0
145.0
145.0
145.0
148.0
148.0
151.0
151.0
154.0
154.0
154.0
157.0
157.0
160.0
160.0
163.0
163.0
163.0
166.0
166.0
169.0
169.0
172.0
172.0
175.0
175.0
175.0
178.0
178.0
181.0
181.0
184.0
184.0
184.0
187.0
187.0
190.0
190.0
193.0
193.0
193.0
196.0
196.0
199.0
199.0
202.0
202.0
202.0
205.0
205.0
208.0
208.0
211.0
211.0
211.0
214.0
214.0
217.0
217.0
219.0
219.0
219.0
220.0
220.0
221.0
221.0
223.0
223.0
223.0
223.0
223.0
223.0
223.0
223.0
223.0
223.0
223.0
223.0
223.0
223.0
223.0
223.0
223.0
223.0
223.0
223.0
223.0
223.0
223.0
223.0
223.0
223.0
223.0
223.0
223.0
223.0
223.0
223.0
223.0
223.0
223.0
223.0
223.0
223.0
223.0
223.0
223.0
223.0
223.0
223.0
223.0
223.0
223.0
223.0
223.0
223.0
223.0
223.0
223.0
223.0
223.0
223.0
223.0
223.0
223.0
223.0
223.0
223.0
223.0
223.0
223.0
223.0
223.0
223.0
223.0
223.0
223.0
223.0
223.0
223.0
223.0
223.0
223.0
223.0
223.0
223.0
223.0
223.0
223.0
223.0
223.0
223.0
223.0
223.0
223.0
223.0
223.0
223.0
223.0
224.0
224.0
224.0
225.0
225.0
225.0
225.0
225.0
225.0
225.0
225.0
225.0
226.0
226.0
227.0
227.0
227.0
228.0
228.0
229.0
229.0
230.0
230.0
232.0
232.0
232.0
233.0
233.0
235.0
235.0
237.0
237.0
237.0
239.0
239.0
241.0
241.0
244.0
244.0
244.0
247.0
247.0
250.0
250.0
253.0
253.0
253.0
256.0
256.0
259.0
259.0
262.0
262.0
262.0
265.0
265.0
268.0
268.0
271.0
271.0
271.0
274.0
274.0
277.0
277.0
280.0
280.0
280.0
283.0
283.0
286.0
286.0
289.0
289.0
289.0
292.0
292.0
295.0
295.0
298.0
298.0
298.0
301.0
301.0
304.0
304.0
307.0
307.0
307.0
309.0
309.0
311.0
311.0
312.0
312.0
312.0
313.0
313.0
314.0
314.0
315.0
315.0
318.0
318.0
318.0
321.0
321.0
324.0
324.0
327.0
327.0
327.0
330.0
330.0
333.0
333.0
336.0
336.0
336.0
339.0
339.0
342.0
342.0
345.0
345.0
345.0
348.0
348.0
351.0
351.0
354.0
354.0
354.0
356.0
356.0
356.0
356.0
356.0
356.0
356.0
356.0
356.0
356.0
356.0
356.0
356.0
356.0
356.0
356.0
356.0
356.0
356.0
356.0
356.0
356.0
356.0
356.0
356.0
356.0
356.0
356.0
356.0
356.0
356.0
356.0
356.0
356.0
356.0
356.0
356.0
356.0
356.0
356.0
356.0
356.0
356.0
356.0
356.0
356.0
356.0
356.0
356.0
356.0
356.0
356.0
356.0
356.0
356.0
356.0
356.0
356.0
356.0
356.0
356.0
356.0
356.0
356.0
356.0
356.0
356.0
356.0
356.0
356.0
356.0
356.0
356.0
356.0
356.0
356.0
356.0
356.0
356.0
356.0
356.0
356.0
356.0
356.0
356.0
356.0
356.0
356.0
356.0
356.0
356.0
356.0
356.0
356.0
356.0
356.0
356.0
356.0
356.0
356.0
356.0
356.0
356.0
356.0
356.0
356.0
356.0
356.0
356.0
356.0
356.0
356.0
356.0
356.0
356.0
356.0
356.0
356.0
356.0
356.0
356.0
356.0
356.0
356.0
356.0
356.0
356.0
356.0
356.0
356.0
356.0
356.0
356.0
356.0
356.0
356.0
356.0
356.0
356.0
356.0
356.0
356.0
356.0
356.0
356.0
356.0
356.0
356.0
356.0
356.0
356.0
356.0
356.0
356.0
356.0
356.0
356.0
356.0
356.0
356.0
356.0
356.0
356.0
356.0
356.0
356.0
356.0
356.0
356.0
356.0
356.0
356.0
356.0
356.0
356.0
356.0
356.0
356.0
356.0
356.0
356.0
356.0
356.0
356.0
356.0
356.0
356.0
356.0
356.0
356.0
356.0
356.0
356.0
356.0
356.0
356.0
356.0
356.0
356.0
356.0
356.0
356.0
356.0
356.0
356.0
356.0
356.0
356.0
356.0
356.0
356.0
356.0
356.0
356.0
356.0
356.0
356.0
356.0
356.0
356.0
356.0
356.0
356.0
356.0
356.0
356.0
356.0
356.0
356.0
356.0
356.0
356.0
356.0
356.0
356.0
356.0
356.0
356.0
356.0
356.0
356.0
356.0
356.0
356.0
356.0
356.0
356.0
356.0
356.0
356.0
356.0
356.0
356.0
356.0
356.0
356.0
356.0
356.0
356.0
356.0
356.0
356.0
356.0
356.0
356.0
356.0
356.0
356.0
356.0
356.0
356.0
356.0
356.0
356.0
356.0
356.0
356.0
356.0
356.0
356.0
356.0
356.0
356.0
356.0
356.0
356.0
356.0
356.0
356.0
356.0
356.0
356.0
356.0
356.0
356.0
356.0
356.0
356.0
356.0
356.0
356.0
356.0
356.0
356.0
356.0
356.0
356.0
356.0
356.0
356.0
356.0
356.0
356.0
356.0
356.0
356.0
356.0
356.0
356.0
356.0
356.0
356.0
356.0
356.0
356.0
356.0
356.0
356.0
356.0
356.0
356.0
356.0
356.0
356.0
356.0
356.0
356.0
356.0
356.0
356.0
356.0
356.0
356.0
356.0
356.0
356.0
356.0
356.0
356.0
356.0
356.0
356.0
356.0
356.0
356.0
356.0
356.0
356.0
