0.0
0.0
0.0
0.0
0.0
0.0
0.0
0.0
0.0
0.0
0.0
0.0
0.0
0.0
0.0
0.0
0.0
0.0
0.0
0.0
0.0
0.0
0.0
0.0
0.0
0.0
0.0
0.0
0.0
0.0
0.0
0.0
0.0
0.0
0.0
0.0
0.0
0.0
0.0
0.0
0.0
0.0
0.0
0.0
0.0
0.0
0.0
0.0
0.0
0.0
0.0
0.0
0.0
0.0
0.0
0.0
0.0
0.0
0.0
0.0
0.0
0.0
0.0
0.0
0.0
0.0
0.0
0.0
0.0
0.0
0.0
0.0
0.0
0.0
0.0
0.0
0.0
0.0
0.0
0.0
0.0
0.0
0.0
0.0
0.0
0.0
0.0
0.0
0.0
0.0
0.0
0.0
0.0
0.0
0.0
0.0
0.0
0.0
0.0
0.0
0.0
0.0
0.0
0.0
0.0
0.0
0.0
0.0
0.0
0.0
0.0
0.0
0.0
0.0
0.0
0.0
0.0
0.0
0.0
0.0
0.0
0.0
0.0
0.0
0.0
0.0
0.0
0.0
0.0
0.0
0.0
0.0
0.0
0.0
0.0
0.0
0.0
0.0
0.0
0.0
0.0
0.0
0.0
0.0
0.0
0.0
0.0
0.0
0.0
0.0
0.0
0.0
0.0
0.0
0.0
0.0
0.0
0.0
0.0
0.0
0.0
0.0
0.0
0.0
0.0
0.0
0.0
0.0
0.0
0.0
1.0
1.0
1.0
1.0
1.0
1.0
1.0
1.0
1.0
0.0
0.0
0.0
0.0
0.0
0.0
0.0
0.0
-1.0
-1.0
-1.0
-1.0
-1.0
-1.0
-1.0
-1.0
-1.0
-2.0
-2.0
-2.0
-2.0
-2.0
-2.0
-2.0
-2.0
-2.0
-2.0
-2.0
-2.0
-2.0
-2.0
-2.0
-2.0
-2.0
-2.0
-2.0
-2.0
-2.0
-2.0
-2.0
-2.0
-2.0
-2.0
-2.0
-2.0
-2.0
-2.0
-3.0
-3.0
-4.0
-4.0
-4.0
-5.0
-5.0
-7.0
-7.0
-7.0
-7.0
-8.0
-8.0
-9.0
-9.0
-10.0
-10.0
-10.0
-10.0
-10.0
-11.0
-11.0
-11.0
-11.0
-11.0
-11.0
-11.0
-11.0
-11.0
-11.0
-11.0
-13.0
-13.0
-13.0
-13.0
-13.0
-13.0
-13.0
-13.0
-13.0
-13.0
-12.0
-12.0
-12.0
-9.0
-9.0
-6.0
-6.0
-6.0
-6.0
-6.0
-6.0
-6.0
-6.0
-6.0
-6.0
-6.0
-6.0
-6.0
-6.0
-6.0
-6.0
-6.0
-3.0
-3.0
0.0
0.0
1.0
1.0
1.0
1.0
1.0
1.0
1.0
1.0
1.0
1.0
1.0
1.0
1.0
1.0
1.0
1.0
1.0
1.0
1.0
1.0
1.0
1.0
1.0
1.0
1.0
1.0
1.0
1.0
1.0
1.0
1.0
1.0
1.0
1.0
1.0
1.0
1.0
1.0
1.0
1.0
1.0
1.0
1.0
1.0
1.0
1.0
1.0
1.0
1.0
1.0
1.0
1.0
1.0
1.0
1.0
1.0
1.0
1.0
1.0
1.0
1.0
1.0
1.0
1.0
1.0
1.0
1.0
1.0
1.0
1.0
1.0
1.0
1.0
1.0
1.0
1.0
1.0
1.0
1.0
1.0
1.0
1.0
1.0
1.0
1.0
1.0
1.0
1.0
1.0
1.0
1.0
1.0
1.0
1.0
1.0
1.0
1.0
1.0
1.0
1.0
1.0
1.0
1.0
1.0
1.0
1.0
1.0
1.0
1.0
1.0
1.0
1.0
1.0
1.0
1.0
1.0
1.0
1.0
1.0
1.0
1.0
1.0
1.0
1.0
1.0
1.0
1.0
1.0
1.0
1.0
1.0
1.0
1.0
1.0
1.0
1.0
1.0
1.0
1.0
1.0
1.0
1.0
1.0
1.0
1.0
1.0
1.0
1.0
1.0
1.0
1.0
1.0
1.0
1.0
1.0
1.0
1.0
1.0
1.0
1.0
1.0
1.0
-2.0
-2.0
-5.0
-5.0
-5.0
-8.0
-8.0
-10.0
-10.0
-12.0
-12.0
-14.0
-14.0
-16.0
-16.0
-19.0
-19.0
-19.0
-21.0
-21.0
-24.0
-24.0
-26.0
-26.0
-29.0
-29.0
-31.0
-31.0
-34.0
-34.0
-34.0
-37.0
-37.0
-37.0
-37.0
-37.0
-37.0
-37.0
-37.0
-37.0
-37.0
-37.0
-37.0
-37.0
-37.0
-37.0
-37.0
-37.0
-37.0
-37.0
-37.0
-37.0
-37.0
-37.0
-37.0
-37.0
-37.0
-37.0
-37.0
-37.0
-37.0
-37.0
-37.0
-37.0
-37.0
-37.0
-37.0
-37.0
-37.0
-37.0
-37.0
-37.0
-37.0
-37.0
-37.0
-37.0
-37.0
-37.0
-37.0
-37.0
-37.0
-37.0
-37.0
-37.0
-37.0
-37.0
-37.0
-37.0
-37.0
-37.0
-37.0
-37.0
-37.0
-37.0
-37.0
-37.0
-37.0
-37.0
-37.0
-37.0
-37.0
-37.0
-37.0
-37.0
-37.0
-37.0
-38.0
-38.0
-39.0
-39.0
-40.0
-40.0
-40.0
-42.0
-42.0
-44.0
-44.0
-46.0
-46.0
-48.0
-48.0
-49.0
-49.0
-50.0
-50.0
-50.0
-51.0
-51.0
-52.0
-52.0
-53.0
-53.0
-54.0
-54.0
-55.0
-55.0
-56.0
-56.0
-56.0
-57.0
-57.0
-59.0
-59.0
-60.0
-60.0
-61.0
-61.0
-62.0
-62.0
-63.0
-63.0
-64.0
-64.0
-64.0
-65.0
-65.0
-66.0
-66.0
-67.0
-67.0
-69.0
-69.0
-70.0
-70.0
-71.0
-71.0
-71.0
-74.0
-74.0
-76.0
-76.0
-77.0
-77.0
-79.0
-79.0
-82.0
-82.0
-85.0
-85.0
-85.0
-86.0
-86.0
-89.0
-89.0
-90.0
-90.0
-91.0
-91.0
-92.0
-92.0
-93.0
-93.0
-93.0
-94.0
-94.0
-94.0
-94.0
-94.0
-94.0
-94.0
-94.0
-94.0
-94.0
-94.0
-94.0
-94.0
-94.0
-94.0
-94.0
-94.0
-94.0
-94.0
-94.0
-94.0
-94.0
-94.0
-94.0
-94.0
-94.0
-94.0
-94.0
-94.0
-94.0
-94.0
-94.0
-94.0
-94.0
-94.0
-94.0
-94.0
-94.0
-95.0
-95.0
-95.0
-96.0
-96.0
-97.0
-97.0
-99.0
-99.0
-100.0
-100.0
-101.0
-101.0
-102.0
-102.0
-102.0
-103.0
-103.0
-105.0
-105.0
-106.0
-106.0
-107.0
-107.0
-109.0
-109.0
-110.0
-110.0
-112.0
-112.0
-112.0
-114.0
-114.0
-116.0
-116.0
-118.0
-118.0
-119.0
-119.0
-120.0
-120.0
-122.0
-122.0
-122.0
-124.0
-124.0
-125.0
-125.0
-127.0
-127.0
-129.0
-129.0
-131.0
-131.0
-132.0
-132.0
-132.0
-133.0
-133.0
-135.0
-135.0
-136.0
-136.0
-137.0
-137.0
-138.0
-138.0
-140.0
-140.0
-140.0
-142.0
-142.0
-143.0
-143.0
-145.0
-145.0
-147.0
-147.0
-149.0
-149.0
-152.0
-152.0
-154.0
-154.0
-154.0
-156.0
-156.0
-158.0
-158.0
-158.0
-158.0
-158.0
-158.0
-158.0
-158.0
-158.0
-158.0
-158.0
-158.0
-158.0
-158.0
-158.0
-158.0
-158.0
-158.0
-158.0
-158.0
-158.0
-158.0
-158.0
-158.0
-158.0
-158.0
-158.0
-158.0
-158.0
-158.0
-158.0
-158.0
-158.0
-158.0
-158.0
-158.0
-158.0
-158.0
-158.0
-158.0
-158.0
-158.0
-158.0
-157.0
-157.0
-155.0
-155.0
-153.0
-153.0
-151.0
-151.0
-151.0
-149.0
-149.0
-148.0
-148.0
-146.0
-146.0
-143.0
-143.0
-141.0
-141.0
-139.0
-139.0
-139.0
-136.0
-136.0
-134.0
-134.0
-132.0
-132.0
-130.0
-130.0
-128.0
-128.0
-126.0
-126.0
-126.0
-124.0
-124.0
-122.0
-122.0
-121.0
-121.0
-119.0
-119.0
-118.0
-118.0
-116.0
-116.0
-116.0
-114.0
-114.0
-112.0
-112.0
-110.0
-110.0
-109.0
-109.0
-107.0
-107.0
-105.0
-105.0
-104.0
-104.0
-104.0
-101.0
-101.0
-99.0
-99.0
-97.0
-97.0
-94.0
-94.0
-91.0
-91.0
-88.0
-88.0
-88.0
-86.0
-86.0
-84.0
-84.0
-82.0
-82.0
-79.0
-79.0
-77.0
-77.0
-75.0
-75.0
-75.0
-73.0
-73.0
-70.0
-70.0
-70.0
-70.0
-70.0
-70.0
-70.0
-70.0
-70.0
-70.0
-70.0
