0.0
0.0
0.0
0.0
0.0
0.0
0.0
0.0
0.0
0.0
0.0
0.0
0.0
0.0
0.0
0.0
0.0
0.0
0.0
0.0
0.0
0.0
0.0
0.0
0.0
0.0
0.0
0.0
0.0
0.0
0.0
0.0
0.0
0.0
0.0
0.0
0.0
0.0
0.0
0.0
0.0
0.0
0.0
0.0
0.0
0.0
0.0
0.0
0.0
0.0
0.0
0.0
0.0
0.0
0.0
0.0
0.0
0.0
0.0
0.0
0.0
0.0
0.0
0.0
0.0
0.0
0.0
0.0
0.0
0.0
0.0
0.0
0.0
0.0
0.0
0.0
0.0
0.0
0.0
0.0
0.0
0.0
0.0
0.0
0.0
0.0
2.0
2.0
2.0
5.0
5.0
5.0
8.0
8.0
8.0
11.0
11.0
11.0
14.0
14.0
14.0
17.0
17.0
17.0
20.0
20.0
20.0
23.0
23.0
23.0
25.0
25.0
25.0
25.0
25.0
25.0
26.0
26.0
26.0
29.0
29.0
29.0
32.0
32.0
32.0
35.0
35.0
35.0
38.0
38.0
38.0
41.0
41.0
41.0
44.0
44.0
44.0
47.0
47.0
47.0
50.0
50.0
50.0
53.0
53.0
53.0
56.0
56.0
56.0
59.0
59.0
59.0
62.0
62.0
62.0
65.0
65.0
65.0
68.0
68.0
68.0
71.0
71.0
71.0
74.0
74.0
74.0
77.0
77.0
77.0
80.0
80.0
80.0
83.0
83.0
83.0
86.0
86.0
86.0
89.0
89.0
89.0
92.0
92.0
95.0
95.0
95.0
98.0
98.0
98.0
101.0
101.0
101.0
104.0
104.0
104.0
107.0
107.0
107.0
110.0
110.0
110.0
113.0
113.0
113.0
116.0
116.0
116.0
119.0
119.0
119.0
122.0
122.0
122.0
125.0
125.0
125.0
128.0
128.0
128.0
131.0
131.0
131.0
134.0
134.0
134.0
137.0
137.0
137.0
140.0
140.0
140.0
143.0
143.0
143.0
146.0
146.0
146.0
149.0
149.0
149.0
152.0
152.0
152.0
155.0
155.0
155.0
158.0
158.0
158.0
161.0
161.0
161.0
164.0
164.0
164.0
167.0
167.0
167.0
167.0
167.0
167.0
167.0
167.0
167.0
167.0
167.0
167.0
167.0
167.0
167.0
167.0
167.0
167.0
167.0
167.0
167.0
167.0
167.0
167.0
167.0
167.0
167.0
168.0
168.0
168.0
171.0
171.0
171.0
174.0
174.0
174.0
177.0
177.0
177.0
180.0
180.0
180.0
183.0
183.0
183.0
186.0
186.0
186.0
189.0
189.0
189.0
192.0
192.0
192.0
195.0
195.0
195.0
198.0
198.0
198.0
201.0
201.0
201.0
204.0
204.0
204.0
206.0
206.0
206.0
206.0
206.0
206.0
206.0
206.0
206.0
206.0
206.0
206.0
206.0
206.0
206.0
206.0
206.0
206.0
206.0
206.0
206.0
206.0
206.0
206.0
206.0
206.0
206.0
206.0
206.0
206.0
206.0
206.0
206.0
206.0
206.0
206.0
206.0
206.0
206.0
206.0
206.0
206.0
207.0
207.0
210.0
210.0
210.0
213.0
213.0
213.0
216.0
216.0
216.0
219.0
219.0
219.0
222.0
222.0
222.0
225.0
225.0
225.0
228.0
228.0
228.0
231.0
231.0
231.0
234.0
234.0
234.0
237.0
237.0
237.0
240.0
240.0
240.0
242.0
242.0
242.0
245.0
245.0
245.0
247.0
247.0
247.0
247.0
247.0
247.0
247.0
247.0
247.0
247.0
247.0
247.0
247.0
247.0
247.0
247.0
247.0
247.0
247.0
247.0
247.0
247.0
247.0
247.0
247.0
247.0
247.0
247.0
247.0
247.0
247.0
247.0
247.0
247.0
247.0
247.0
247.0
247.0
247.0
247.0
247.0
247.0
247.0
247.0
247.0
247.0
247.0
247.0
244.0
244.0
244.0
241.0
241.0
241.0
238.0
238.0
238.0
234.0
234.0
234.0
231.0
231.0
231.0
228.0
228.0
228.0
225.0
225.0
225.0
222.0
222.0
222.0
219.0
219.0
219.0
216.0
216.0
216.0
213.0
213.0
213.0
210.0
210.0
210.0
207.0
207.0
207.0
204.0
204.0
204.0
201.0
201.0
201.0
198.0
198.0
198.0
195.0
195.0
195.0
192.0
192.0
192.0
189.0
189.0
189.0
186.0
186.0
186.0
183.0
183.0
183.0
180.0
180.0
180.0
177.0
177.0
177.0
174.0
174.0
174.0
171.0
171.0
171.0
168.0
168.0
168.0
165.0
165.0
165.0
162.0
162.0
162.0
159.0
159.0
159.0
156.0
156.0
156.0
153.0
153.0
153.0
150.0
150.0
150.0
