0.0
0.0
0.0
0.0
0.0
0.0
0.0
0.0
0.0
0.0
0.0
0.0
0.0
0.0
0.0
0.0
0.0
0.0
0.0
0.0
0.0
0.0
0.0
0.0
0.0
0.0
0.0
0.0
0.0
0.0
0.0
0.0
0.0
0.0
0.0
0.0
0.0
0.0
0.0
0.0
0.0
0.0
0.0
0.0
0.0
0.0
0.0
0.0
0.0
0.0
0.0
0.0
0.0
0.0
0.0
0.0
0.0
0.0
0.0
0.0
0.0
0.0
0.0
0.0
0.0
0.0
0.0
0.0
0.0
0.0
0.0
0.0
0.0
0.0
0.0
0.0
0.0
0.0
0.0
0.0
0.0
0.0
0.0
0.0
0.0
0.0
0.0
0.0
0.0
0.0
0.0
0.0
0.0
0.0
0.0
0.0
0.0
0.0
0.0
0.0
0.0
0.0
0.0
0.0
0.0
0.0
0.0
0.0
0.0
0.0
0.0
0.0
0.0
0.0
0.0
0.0
0.0
0.0
0.0
1.0
1.0
1.0
4.0
4.0
4.0
7.0
7.0
7.0
10.0
10.0
10.0
10.0
10.0
10.0
10.0
10.0
10.0
10.0
10.0
10.0
10.0
10.0
10.0
10.0
10.0
10.0
10.0
10.0
10.0
10.0
10.0
10.0
10.0
10.0
10.0
10.0
10.0
10.0
10.0
10.0
10.0
10.0
10.0
10.0
10.0
10.0
10.0
10.0
10.0
10.0
10.0
10.0
10.0
10.0
10.0
10.0
10.0
10.0
10.0
10.0
10.0
10.0
10.0
10.0
10.0
12.0
12.0
12.0
15.0
15.0
15.0
15.0
15.0
15.0
15.0
15.0
15.0
16.0
16.0
16.0
19.0
19.0
19.0
20.0
20.0
20.0
20.0
20.0
20.0
20.0
20.0
20.0
22.0
22.0
22.0
25.0
25.0
25.0
27.0
27.0
27.0
27.0
27.0
27.0
27.0
27.0
27.0
27.0
27.0
27.0
27.0
27.0
27.0
27.0
27.0
27.0
27.0
27.0
27.0
27.0
27.0
27.0
27.0
27.0
27.0
27.0
27.0
27.0
27.0
27.0
27.0
27.0
27.0
27.0
27.0
27.0
27.0
27.0
27.0
27.0
27.0
27.0
27.0
30.0
30.0
30.0
33.0
33.0
33.0
35.0
35.0
35.0
35.0
35.0
35.0
35.0
35.0
35.0
35.0
35.0
35.0
35.0
35.0
35.0
35.0
35.0
35.0
35.0
35.0
35.0
37.0
37.0
37.0
40.0
40.0
40.0
43.0
43.0
43.0
46.0
46.0
46.0
46.0
46.0
46.0
46.0
46.0
46.0
46.0
46.0
46.0
46.0
46.0
46.0
46.0
46.0
46.0
46.0
46.0
46.0
46.0
46.0
46.0
46.0
46.0
46.0
46.0
46.0
46.0
46.0
46.0
46.0
46.0
46.0
46.0
49.0
49.0
49.0
52.0
52.0
52.0
54.0
54.0
54.0
54.0
54.0
54.0
54.0
54.0
54.0
54.0
54.0
54.0
54.0
54.0
54.0
54.0
54.0
54.0
51.0
51.0
51.0
48.0
48.0
48.0
45.0
45.0
45.0
42.0
42.0
42.0
39.0
39.0
39.0
36.0
36.0
36.0
33.0
33.0
33.0
30.0
30.0
30.0
30.0
30.0
30.0
30.0
30.0
30.0
30.0
30.0
30.0
30.0
30.0
30.0
30.0
30.0
30.0
30.0
30.0
30.0
30.0
30.0
30.0
30.0
30.0
30.0
30.0
30.0
30.0
30.0
30.0
30.0
30.0
30.0
30.0
31.0
31.0
31.0
34.0
34.0
34.0
35.0
35.0
35.0
35.0
35.0
35.0
35.0
35.0
35.0
37.0
37.0
37.0
40.0
40.0
40.0
42.0
42.0
42.0
42.0
42.0
42.0
42.0
42.0
42.0
42.0
42.0
42.0
42.0
42.0
42.0
42.0
42.0
42.0
42.0
42.0
42.0
43.0
43.0
43.0
46.0
46.0
46.0
47.0
47.0
47.0
47.0
47.0
47.0
47.0
47.0
47.0
47.0
47.0
47.0
47.0
47.0
47.0
47.0
47.0
47.0
50.0
50.0
50.0
53.0
53.0
53.0
54.0
54.0
54.0
54.0
54.0
54.0
54.0
54.0
54.0
54.0
54.0
54.0
54.0
54.0
54.0
54.0
54.0
54.0
54.0
54.0
54.0
54.0
54.0
54.0
54.0
54.0
54.0
51.0
51.0
51.0
48.0
48.0
48.0
45.0
45.0
45.0
45.0
45.0
45.0
45.0
45.0
45.0
45.0
45.0
45.0
45.0
45.0
45.0
42.0
42.0
42.0
39.0
39.0
39.0
37.0
37.0
37.0
37.0
37.0
37.0
35.0
35.0
35.0
32.0
32.0
32.0
30.0
30.0
30.0
30.0
30.0
30.0
30.0
30.0
30.0
30.0
30.0
30.0
30.0
30.0
30.0
30.0
30.0
30.0
30.0
30.0
30.0
30.0
30.0
30.0
30.0
30.0
30.0
30.0
30.0
30.0
30.0
30.0
30.0
30.0
30.0
30.0
30.0
30.0
30.0
30.0
30.0
30.0
30.0
30.0
30.0
30.0
30.0
30.0
30.0
30.0
30.0
30.0
30.0
30.0
30.0
30.0
30.0
33.0
33.0
33.0
36.0
36.0
36.0
39.0
39.0
39.0
42.0
42.0
42.0
45.0
45.0
45.0
48.0
48.0
48.0
51.0
51.0
51.0
54.0
54.0
54.0
57.0
57.0
57.0
60.0
60.0
60.0
63.0
63.0
63.0
66.0
66.0
66.0
66.0
66.0
66.0
66.0
66.0
66.0
66.0
66.0
66.0
66.0
66.0
66.0
66.0
66.0
66.0
66.0
66.0
66.0
66.0
66.0
66.0
66.0
66.0
66.0
66.0
66.0
66.0
64.0
64.0
64.0
61.0
61.0
61.0
58.0
58.0
58.0
55.0
55.0
55.0
52.0
52.0
52.0
49.0
49.0
49.0
46.0
46.0
46.0
43.0
43.0
43.0
40.0
40.0
40.0
37.0
37.0
37.0
34.0
34.0
34.0
31.0
31.0
31.0
30.0
30.0
30.0
30.0
30.0
30.0
30.0
30.0
30.0
30.0
30.0
30.0
30.0
30.0
30.0
30.0
30.0
30.0
30.0
30.0
30.0
30.0
30.0
30.0
30.0
30.0
30.0
30.0
30.0
30.0
30.0
30.0
30.0
30.0
30.0
30.0
30.0
30.0
30.0
30.0
30.0
30.0
30.0
30.0
30.0
30.0
30.0
30.0
30.0
30.0
30.0
30.0
30.0
30.0
30.0
30.0
30.0
30.0
30.0
30.0
30.0
30.0
30.0
30.0
30.0
30.0
30.0
30.0
30.0
30.0
30.0
30.0
30.0
30.0
30.0
30.0
30.0
30.0
30.0
30.0
30.0
30.0
30.0
30.0
30.0
30.0
30.0
30.0
30.0
30.0
30.0
30.0
30.0
30.0
30.0
30.0
30.0
30.0
30.0
30.0
30.0
30.0
30.0
30.0
30.0
30.0
30.0
30.0
30.0
30.0
30.0
30.0
30.0
30.0
30.0
30.0
30.0
30.0
30.0
30.0
30.0
30.0
30.0
30.0
30.0
30.0
30.0
30.0
30.0
30.0
30.0
30.0
30.0
30.0
30.0
30.0
30.0
30.0
30.0
30.0
30.0
30.0
30.0
30.0
30.0
30.0
30.0
30.0
30.0
30.0
30.0
30.0
30.0
30.0
30.0
30.0
30.0
30.0
30.0
30.0
30.0
30.0
30.0
30.0
30.0
30.0
30.0
30.0
30.0
30.0
30.0
30.0
30.0
30.0
30.0
30.0
30.0
30.0
30.0
30.0
30.0
30.0
30.0
30.0
30.0
30.0
30.0
30.0
30.0
31.0
31.0
31.0
34.0
34.0
34.0
37.0
37.0
37.0
40.0
40.0
40.0
40.0
40.0
40.0
40.0
40.0
40.0
40.0
40.0
40.0
40.0
40.0
40.0
40.0
40.0
40.0
40.0
40.0
40.0
40.0
40.0
40.0
40.0
40.0
40.0
40.0
40.0
40.0
40.0
40.0
40.0
40.0
40.0
40.0
40.0
40.0
40.0
40.0
40.0
40.0
40.0
40.0
40.0
40.0
40.0
40.0
40.0
40.0
40.0
40.0
40.0
40.0
40.0
40.0
40.0
40.0
40.0
40.0
40.0
40.0
40.0
40.0
40.0
40.0
40.0
40.0
40.0
40.0
40.0
40.0
40.0
40.0
40.0
40.0
40.0
40.0
40.0
40.0
40.0
40.0
40.0
40.0
40.0
40.0
40.0
40.0
40.0
40.0
40.0
40.0
40.0
40.0
40.0
40.0
40.0
40.0
40.0
40.0
40.0
40.0
42.0
42.0
42.0
45.0
45.0
45.0
45.0
45.0
45.0
45.0
45.0
45.0
45.0
45.0
45.0
45.0
45.0
45.0
45.0
45.0
45.0
45.0
45.0
45.0
45.0
45.0
45.0
45.0
45.0
45.0
45.0
45.0
45.0
45.0
45.0
45.0
45.0
45.0
45.0
45.0
45.0
45.0
45.0
45.0
45.0
45.0
45.0
45.0
45.0
45.0
45.0
45.0
45.0
45.0
45.0
45.0
45.0
45.0
45.0
45.0
45.0
45.0
45.0
45.0
45.0
45.0
45.0
45.0
45.0
45.0
45.0
45.0
45.0
45.0
45.0
45.0
45.0
45.0
45.0
45.0
45.0
45.0
45.0
45.0
45.0
45.0
45.0
45.0
45.0
45.0
45.0
45.0
45.0
45.0
45.0
45.0
45.0
45.0
45.0
45.0
45.0
45.0
45.0
45.0
47.0
47.0
47.0
50.0
50.0
50.0
52.0
52.0
52.0
52.0
52.0
52.0
52.0
52.0
52.0
52.0
52.0
52.0
52.0
52.0
52.0
55.0
55.0
55.0
58.0
58.0
58.0
61.0
61.0
61.0
62.0
62.0
62.0
62.0
62.0
62.0
62.0
62.0
62.0
62.0
62.0
62.0
62.0
62.0
62.0
64.0
64.0
64.0
67.0
67.0
67.0
70.0
70.0
70.0
70.0
70.0
70.0
70.0
70.0
70.0
70.0
70.0
70.0
70.0
70.0
70.0
70.0
70.0
70.0
70.0
70.0
70.0
70.0
70.0
70.0
70.0
70.0
70.0
70.0
70.0
70.0
70.0
70.0
70.0
70.0
70.0
70.0
70.0
70.0
70.0
70.0
70.0
70.0
70.0
70.0
70.0
70.0
70.0
70.0
70.0
70.0
70.0
70.0
70.0
70.0
70.0
70.0
70.0
70.0
70.0
70.0
70.0
70.0
70.0
70.0
70.0
70.0
70.0
70.0
70.0
70.0
70.0
70.0
70.0
70.0
70.0
70.0
70.0
70.0
70.0
70.0
70.0
70.0
70.0
70.0
70.0
70.0
70.0
70.0
70.0
70.0
70.0
70.0
70.0
70.0
70.0
70.0
70.0
70.0
70.0
70.0
70.0
70.0
70.0
70.0
70.0
70.0
70.0
70.0
70.0
70.0
70.0
70.0
70.0
70.0
70.0
70.0
70.0
70.0
70.0
70.0
70.0
70.0
70.0
70.0
70.0
70.0
70.0
70.0
70.0
70.0
70.0
70.0
70.0
70.0
70.0
70.0
70.0
70.0
70.0
70.0
70.0
70.0
70.0
70.0
70.0
70.0
70.0
70.0
70.0
70.0
70.0
70.0
70.0
70.0
70.0
70.0
70.0
70.0
70.0
70.0
70.0
70.0
70.0
70.0
70.0
70.0
70.0
70.0
70.0
70.0
70.0
70.0
70.0
70.0
70.0
70.0
70.0
70.0
70.0
70.0
70.0
70.0
70.0
70.0
70.0
70.0
70.0
70.0
70.0
70.0
70.0
70.0
73.0
73.0
73.0
76.0
76.0
76.0
79.0
79.0
79.0
82.0
82.0
82.0
83.0
83.0
83.0
83.0
83.0
83.0
83.0
83.0
83.0
83.0
83.0
83.0
83.0
83.0
83.0
83.0
83.0
83.0
83.0
83.0
83.0
83.0
83.0
83.0
83.0
83.0
83.0
83.0
83.0
83.0
84.0
84.0
84.0
87.0
87.0
87.0
90.0
90.0
90.0
92.0
92.0
92.0
92.0
92.0
92.0
92.0
92.0
92.0
95.0
95.0
95.0
98.0
98.0
98.0
101.0
101.0
101.0
102.0
102.0
102.0
102.0
102.0
102.0
104.0
104.0
104.0
107.0
107.0
107.0
110.0
110.0
110.0
110.0
110.0
110.0
110.0
110.0
110.0
113.0
113.0
113.0
116.0
116.0
116.0
116.0
116.0
116.0
116.0
116.0
116.0
118.0
118.0
118.0
121.0
121.0
121.0
121.0
121.0
121.0
121.0
121.0
121.0
121.0
121.0
121.0
121.0
121.0
121.0
121.0
121.0
121.0
121.0
121.0
121.0
121.0
121.0
121.0
121.0
121.0
121.0
121.0
121.0
121.0
121.0
121.0
121.0
121.0
121.0
121.0
124.0
124.0
124.0
127.0
127.0
127.0
130.0
130.0
130.0
133.0
133.0
133.0
136.0
136.0
136.0
139.0
139.0
139.0
142.0
142.0
142.0
145.0
145.0
145.0
148.0
148.0
148.0
151.0
151.0
151.0
154.0
154.0
154.0
157.0
157.0
157.0
160.0
160.0
160.0
161.0
161.0
161.0
161.0
161.0
161.0
161.0
161.0
161.0
161.0
161.0
161.0
161.0
161.0
161.0
161.0
161.0
161.0
161.0
161.0
161.0
161.0
161.0
161.0
161.0
161.0
161.0
161.0
161.0
161.0
161.0
161.0
161.0
161.0
161.0
161.0
161.0
161.0
161.0
161.0
161.0
161.0
161.0
161.0
161.0
161.0
161.0
161.0
161.0
161.0
161.0
161.0
161.0
161.0
161.0
161.0
161.0
161.0
161.0
161.0
161.0
161.0
161.0
161.0
161.0
161.0
161.0
161.0
161.0
161.0
161.0
161.0
161.0
161.0
161.0
161.0
161.0
161.0
161.0
161.0
161.0
161.0
161.0
161.0
161.0
161.0
161.0
161.0
161.0
161.0
161.0
161.0
161.0
161.0
161.0
161.0
161.0
161.0
161.0
161.0
161.0
161.0
161.0
161.0
161.0
161.0
161.0
161.0
161.0
161.0
161.0
161.0
161.0
161.0
161.0
161.0
161.0
161.0
161.0
161.0
161.0
161.0
161.0
161.0
161.0
161.0
161.0
161.0
161.0
161.0
161.0
161.0
161.0
161.0
161.0
161.0
161.0
161.0
161.0
161.0
161.0
161.0
161.0
161.0
162.0
162.0
162.0
165.0
165.0
165.0
168.0
168.0
168.0
169.0
169.0
169.0
169.0
169.0
169.0
169.0
169.0
169.0
170.0
170.0
170.0
173.0
173.0
173.0
174.0
174.0
174.0
174.0
174.0
174.0
174.0
174.0
174.0
175.0
175.0
175.0
178.0
178.0
178.0
181.0
181.0
181.0
181.0
181.0
181.0
181.0
181.0
181.0
181.0
181.0
181.0
184.0
184.0
184.0
187.0
187.0
187.0
187.0
187.0
187.0
187.0
187.0
187.0
187.0
187.0
187.0
189.0
189.0
189.0
192.0
192.0
192.0
193.0
193.0
193.0
193.0
193.0
193.0
193.0
193.0
193.0
195.0
195.0
195.0
198.0
198.0
198.0
200.0
200.0
200.0
200.0
200.0
200.0
200.0
200.0
200.0
201.0
201.0
201.0
204.0
204.0
204.0
205.0
205.0
205.0
205.0
205.0
205.0
205.0
205.0
205.0
206.0
206.0
206.0
209.0
209.0
209.0
210.0
210.0
210.0
210.0
210.0
210.0
210.0
210.0
210.0
211.0
211.0
211.0
214.0
214.0
214.0
214.0
214.0
214.0
214.0
214.0
214.0
214.0
214.0
214.0
216.0
216.0
216.0
219.0
219.0
219.0
219.0
219.0
219.0
219.0
219.0
219.0
219.0
219.0
219.0
219.0
219.0
219.0
219.0
219.0
219.0
219.0
219.0
219.0
219.0
219.0
219.0
219.0
219.0
219.0
219.0
219.0
219.0
219.0
219.0
219.0
219.0
219.0
219.0
219.0
219.0
219.0
219.0
219.0
219.0
219.0
219.0
219.0
219.0
219.0
219.0
219.0
219.0
219.0
219.0
219.0
219.0
219.0
219.0
219.0
219.0
219.0
219.0
219.0
219.0
219.0
219.0
219.0
219.0
219.0
219.0
219.0
219.0
219.0
219.0
219.0
219.0
219.0
219.0
219.0
219.0
219.0
219.0
219.0
219.0
219.0
219.0
219.0
219.0
219.0
219.0
219.0
219.0
219.0
219.0
219.0
219.0
219.0
219.0
219.0
219.0
219.0
219.0
219.0
219.0
219.0
219.0
219.0
219.0
219.0
219.0
219.0
219.0
219.0
219.0
219.0
219.0
219.0
219.0
219.0
219.0
219.0
219.0
219.0
219.0
219.0
219.0
219.0
219.0
219.0
219.0
219.0
219.0
219.0
219.0
219.0
219.0
219.0
219.0
219.0
219.0
219.0
219.0
219.0
219.0
219.0
219.0
219.0
219.0
219.0
219.0
219.0
219.0
219.0
219.0
219.0
219.0
219.0
219.0
219.0
219.0
219.0
219.0
219.0
219.0
219.0
219.0
219.0
219.0
219.0
219.0
219.0
219.0
219.0
219.0
219.0
219.0
219.0
219.0
219.0
219.0
219.0
219.0
219.0
219.0
219.0
219.0
219.0
219.0
219.0
219.0
219.0
219.0
219.0
219.0
219.0
219.0
219.0
219.0
219.0
219.0
219.0
219.0
219.0
219.0
219.0
219.0
219.0
219.0
219.0
219.0
219.0
219.0
219.0
219.0
219.0
219.0
219.0
219.0
219.0
219.0
219.0
219.0
219.0
219.0
219.0
219.0
219.0
219.0
219.0
219.0
219.0
219.0
219.0
219.0
219.0
219.0
219.0
219.0
219.0
219.0
219.0
219.0
