0.0
0.0
0.0
0.0
0.0
0.0
0.0
0.0
0.0
0.0
0.0
0.0
0.0
0.0
0.0
0.0
0.0
0.0
0.0
0.0
0.0
0.0
0.0
0.0
0.0
0.0
0.0
0.0
0.0
0.0
0.0
0.0
0.0
0.0
0.0
0.0
0.0
0.0
0.0
0.0
0.0
0.0
0.0
0.0
0.0
0.0
0.0
0.0
0.0
0.0
0.0
0.0
0.0
0.0
0.0
0.0
0.0
0.0
0.0
0.0
0.0
0.0
0.0
0.0
0.0
0.0
0.0
0.0
0.0
0.0
0.0
0.0
0.0
0.0
0.0
0.0
0.0
0.0
0.0
0.0
0.0
0.0
0.0
0.0
0.0
0.0
0.0
0.0
0.0
0.0
0.0
0.0
0.0
0.0
0.0
0.0
0.0
0.0
0.0
0.0
0.0
0.0
0.0
0.0
0.0
0.0
0.0
2.0
2.0
2.0
3.0
3.0
3.0
3.0
3.0
3.0
3.0
3.0
3.0
3.0
3.0
3.0
3.0
3.0
3.0
6.0
6.0
6.0
9.0
9.0
9.0
12.0
12.0
12.0
15.0
15.0
15.0
18.0
18.0
18.0
21.0
21.0
21.0
24.0
24.0
24.0
27.0
27.0
27.0
30.0
30.0
30.0
33.0
33.0
33.0
36.0
36.0
36.0
39.0
39.0
39.0
42.0
42.0
42.0
45.0
45.0
45.0
48.0
48.0
48.0
51.0
51.0
51.0
54.0
54.0
54.0
57.0
57.0
57.0
60.0
60.0
60.0
63.0
63.0
63.0
66.0
66.0
66.0
69.0
69.0
69.0
72.0
72.0
72.0
72.0
72.0
72.0
72.0
72.0
72.0
72.0
72.0
72.0
72.0
72.0
72.0
72.0
72.0
72.0
72.0
72.0
72.0
72.0
72.0
72.0
72.0
72.0
72.0
72.0
72.0
72.0
72.0
72.0
72.0
72.0
72.0
72.0
72.0
72.0
72.0
72.0
72.0
72.0
72.0
72.0
72.0
72.0
72.0
72.0
72.0
72.0
72.0
72.0
72.0
72.0
72.0
72.0
72.0
72.0
72.0
72.0
72.0
72.0
72.0
72.0
72.0
72.0
72.0
72.0
72.0
72.0
72.0
72.0
72.0
72.0
72.0
72.0
72.0
72.0
72.0
72.0
72.0
72.0
72.0
72.0
72.0
72.0
72.0
72.0
72.0
72.0
72.0
72.0
72.0
72.0
72.0
72.0
72.0
72.0
72.0
72.0
72.0
72.0
72.0
72.0
72.0
72.0
72.0
72.0
72.0
72.0
72.0
72.0
72.0
72.0
72.0
72.0
72.0
72.0
72.0
72.0
72.0
72.0
72.0
72.0
72.0
72.0
72.0
72.0
72.0
72.0
72.0
72.0
72.0
72.0
72.0
72.0
72.0
72.0
72.0
72.0
72.0
72.0
72.0
72.0
72.0
72.0
72.0
74.0
74.0
74.0
77.0
77.0
77.0
80.0
80.0
80.0
83.0
83.0
83.0
86.0
86.0
86.0
89.0
89.0
89.0
92.0
92.0
92.0
95.0
95.0
95.0
98.0
98.0
98.0
101.0
101.0
101.0
104.0
104.0
104.0
107.0
107.0
107.0
110.0
110.0
110.0
113.0
113.0
113.0
116.0
116.0
116.0
119.0
119.0
119.0
122.0
122.0
122.0
125.0
125.0
125.0
128.0
128.0
128.0
131.0
131.0
131.0
134.0
134.0
134.0
137.0
137.0
137.0
140.0
140.0
140.0
143.0
143.0
143.0
146.0
146.0
146.0
149.0
149.0
149.0
152.0
152.0
152.0
155.0
155.0
155.0
158.0
158.0
158.0
161.0
161.0
161.0
164.0
164.0
164.0
167.0
167.0
167.0
170.0
170.0
170.0
173.0
173.0
173.0
176.0
176.0
176.0
179.0
179.0
179.0
182.0
182.0
182.0
185.0
185.0
185.0
188.0
188.0
188.0
191.0
191.0
191.0
194.0
194.0
194.0
197.0
197.0
197.0
200.0
200.0
200.0
203.0
203.0
203.0
206.0
206.0
206.0
209.0
209.0
209.0
212.0
212.0
212.0
215.0
215.0
215.0
218.0
218.0
218.0
221.0
221.0
221.0
224.0
224.0
224.0
227.0
227.0
227.0
230.0
230.0
230.0
233.0
233.0
233.0
236.0
236.0
236.0
239.0
239.0
239.0
242.0
242.0
242.0
245.0
245.0
245.0
248.0
248.0
248.0
251.0
251.0
251.0
254.0
254.0
254.0
257.0
257.0
257.0
260.0
260.0
260.0
263.0
263.0
263.0
266.0
266.0
266.0
269.0
269.0
269.0
272.0
272.0
272.0
275.0
275.0
275.0
278.0
278.0
278.0
281.0
281.0
281.0
284.0
284.0
284.0
287.0
287.0
287.0
290.0
290.0
290.0
293.0
293.0
293.0
296.0
296.0
296.0
299.0
299.0
299.0
302.0
302.0
302.0
305.0
305.0
305.0
308.0
308.0
308.0
311.0
311.0
311.0
314.0
314.0
314.0
317.0
317.0
317.0
320.0
320.0
320.0
323.0
323.0
323.0
326.0
326.0
326.0
329.0
329.0
329.0
332.0
332.0
332.0
335.0
335.0
335.0
338.0
338.0
338.0
341.0
341.0
341.0
344.0
344.0
344.0
347.0
347.0
347.0
350.0
350.0
350.0
351.0
351.0
351.0
351.0
351.0
351.0
351.0
351.0
351.0
351.0
351.0
351.0
351.0
351.0
351.0
351.0
351.0
351.0
351.0
351.0
351.0
351.0
351.0
351.0
351.0
351.0
351.0
351.0
351.0
351.0
351.0
351.0
351.0
351.0
351.0
351.0
351.0
351.0
351.0
351.0
351.0
351.0
351.0
351.0
351.0
351.0
351.0
351.0
351.0
351.0
351.0
351.0
351.0
351.0
351.0
351.0
351.0
351.0
351.0
351.0
351.0
351.0
351.0
351.0
351.0
351.0
351.0
351.0
351.0
351.0
351.0
351.0
351.0
351.0
351.0
351.0
351.0
351.0
351.0
351.0
351.0
351.0
351.0
351.0
351.0
351.0
351.0
351.0
351.0
351.0
351.0
351.0
351.0
351.0
351.0
351.0
351.0
351.0
351.0
351.0
351.0
351.0
351.0
351.0
351.0
351.0
351.0
351.0
351.0
351.0
351.0
351.0
351.0
351.0
351.0
351.0
351.0
351.0
351.0
351.0
351.0
351.0
351.0
351.0
351.0
351.0
351.0
351.0
351.0
351.0
351.0
351.0
351.0
351.0
351.0
351.0
351.0
351.0
351.0
351.0
351.0
351.0
351.0
351.0
351.0
351.0
351.0
351.0
351.0
351.0
351.0
351.0
351.0
351.0
351.0
351.0
351.0
351.0
351.0
351.0
351.0
351.0
351.0
351.0
351.0
351.0
351.0
351.0
351.0
351.0
351.0
351.0
351.0
351.0
351.0
351.0
351.0
351.0
351.0
351.0
351.0
351.0
351.0
351.0
351.0
351.0
351.0
351.0
351.0
351.0
351.0
351.0
351.0
351.0
351.0
351.0
351.0
351.0
351.0
351.0
351.0
351.0
351.0
351.0
351.0
351.0
351.0
351.0
351.0
351.0
351.0
351.0
351.0
351.0
351.0
351.0
351.0
351.0
351.0
351.0
351.0
351.0
351.0
351.0
351.0
351.0
351.0
351.0
351.0
351.0
351.0
351.0
351.0
351.0
351.0
351.0
351.0
351.0
351.0
351.0
351.0
351.0
351.0
351.0
351.0
351.0
351.0
351.0
351.0
350.0
350.0
350.0
347.0
347.0
347.0
344.0
344.0
344.0
341.0
341.0
341.0
338.0
338.0
338.0
335.0
335.0
335.0
332.0
332.0
332.0
329.0
329.0
329.0
326.0
326.0
326.0
323.0
323.0
323.0
320.0
320.0
320.0
317.0
317.0
317.0
314.0
314.0
314.0
311.0
311.0
311.0
308.0
308.0
308.0
305.0
305.0
305.0
302.0
302.0
302.0
299.0
299.0
299.0
296.0
296.0
296.0
293.0
293.0
293.0
290.0
290.0
290.0
287.0
287.0
287.0
284.0
284.0
284.0
284.0
284.0
284.0
284.0
284.0
284.0
284.0
284.0
284.0
284.0
284.0
284.0
284.0
284.0
284.0
284.0
284.0
284.0
284.0
284.0
284.0
284.0
284.0
284.0
284.0
284.0
284.0
284.0
284.0
284.0
284.0
284.0
284.0
284.0
284.0
284.0
284.0
284.0
284.0
284.0
284.0
284.0
284.0
284.0
284.0
284.0
284.0
284.0
284.0
284.0
284.0
284.0
284.0
284.0
285.0
285.0
285.0
287.0
287.0
287.0
287.0
287.0
287.0
287.0
287.0
287.0
287.0
287.0
287.0
287.0
287.0
287.0
287.0
287.0
287.0
287.0
287.0
287.0
287.0
287.0
287.0
287.0
287.0
287.0
287.0
287.0
287.0
287.0
287.0
287.0
287.0
287.0
287.0
287.0
287.0
287.0
287.0
287.0
287.0
287.0
287.0
287.0
287.0
287.0
287.0
287.0
287.0
287.0
287.0
287.0
287.0
287.0
287.0
287.0
287.0
287.0
287.0
287.0
287.0
287.0
287.0
287.0
287.0
287.0
287.0
287.0
287.0
287.0
287.0
287.0
287.0
287.0
287.0
287.0
287.0
287.0
287.0
287.0
287.0
287.0
287.0
287.0
287.0
287.0
287.0
287.0
287.0
287.0
287.0
287.0
287.0
287.0
287.0
287.0
287.0
287.0
287.0
287.0
287.0
290.0
290.0
290.0
290.0
290.0
290.0
290.0
290.0
290.0
290.0
290.0
290.0
290.0
290.0
290.0
290.0
290.0
290.0
290.0
290.0
290.0
290.0
290.0
290.0
290.0
290.0
290.0
290.0
290.0
290.0
290.0
290.0
290.0
290.0
290.0
290.0
290.0
290.0
290.0
290.0
290.0
290.0
290.0
290.0
290.0
290.0
290.0
290.0
290.0
290.0
290.0
290.0
290.0
290.0
290.0
290.0
290.0
290.0
290.0
290.0
290.0
290.0
290.0
290.0
290.0
290.0
290.0
290.0
290.0
290.0
290.0
290.0
290.0
290.0
290.0
290.0
290.0
290.0
290.0
290.0
290.0
290.0
290.0
290.0
290.0
290.0
290.0
290.0
290.0
290.0
290.0
290.0
290.0
290.0
290.0
290.0
290.0
290.0
290.0
290.0
290.0
290.0
290.0
290.0
290.0
290.0
290.0
290.0
290.0
290.0
290.0
290.0
290.0
290.0
290.0
290.0
290.0
290.0
290.0
290.0
290.0
290.0
290.0
290.0
290.0
290.0
290.0
290.0
290.0
290.0
290.0
290.0
290.0
290.0
290.0
290.0
290.0
290.0
290.0
290.0
290.0
290.0
290.0
290.0
290.0
290.0
290.0
290.0
290.0
290.0
290.0
290.0
290.0
290.0
290.0
290.0
290.0
290.0
290.0
290.0
290.0
290.0
290.0
290.0
290.0
290.0
290.0
290.0
290.0
290.0
290.0
290.0
290.0
290.0
290.0
290.0
290.0
290.0
290.0
290.0
290.0
290.0
290.0
290.0
290.0
290.0
290.0
290.0
290.0
290.0
290.0
290.0
290.0
290.0
290.0
290.0
290.0
290.0
290.0
290.0
290.0
290.0
290.0
290.0
290.0
290.0
290.0
290.0
290.0
290.0
290.0
290.0
290.0
290.0
290.0
290.0
290.0
290.0
290.0
290.0
290.0
290.0
290.0
290.0
290.0
290.0
290.0
290.0
290.0
290.0
290.0
290.0
290.0
290.0
290.0
290.0
290.0
290.0
290.0
290.0
290.0
290.0
290.0
291.0
291.0
291.0
294.0
294.0
294.0
297.0
297.0
297.0
300.0
300.0
300.0
303.0
303.0
303.0
304.0
304.0
304.0
304.0
304.0
304.0
304.0
304.0
304.0
305.0
305.0
305.0
308.0
308.0
308.0
311.0
311.0
311.0
314.0
314.0
314.0
317.0
317.0
317.0
320.0
320.0
320.0
323.0
323.0
323.0
326.0
326.0
326.0
329.0
329.0
329.0
332.0
332.0
332.0
333.0
333.0
333.0
333.0
333.0
333.0
333.0
333.0
333.0
333.0
333.0
333.0
333.0
333.0
333.0
333.0
333.0
333.0
333.0
333.0
333.0
333.0
333.0
333.0
333.0
333.0
333.0
335.0
335.0
335.0
338.0
338.0
338.0
341.0
341.0
341.0
344.0
344.0
344.0
346.0
346.0
346.0
348.0
348.0
348.0
351.0
351.0
351.0
354.0
354.0
354.0
357.0
357.0
357.0
360.0
360.0
360.0
363.0
363.0
363.0
366.0
366.0
366.0
369.0
369.0
369.0
372.0
372.0
372.0
375.0
375.0
375.0
378.0
378.0
378.0
381.0
381.0
381.0
384.0
384.0
384.0
387.0
387.0
387.0
390.0
390.0
390.0
393.0
393.0
393.0
396.0
396.0
396.0
399.0
399.0
399.0
402.0
402.0
402.0
405.0
405.0
405.0
408.0
408.0
408.0
411.0
411.0
411.0
414.0
414.0
414.0
417.0
417.0
417.0
420.0
420.0
420.0
423.0
423.0
423.0
426.0
426.0
426.0
429.0
429.0
429.0
432.0
432.0
432.0
435.0
435.0
435.0
438.0
438.0
438.0
441.0
441.0
441.0
444.0
444.0
444.0
445.0
445.0
445.0
445.0
445.0
445.0
445.0
445.0
445.0
445.0
445.0
445.0
445.0
445.0
445.0
445.0
445.0
445.0
445.0
445.0
445.0
445.0
445.0
445.0
445.0
445.0
445.0
445.0
445.0
445.0
445.0
445.0
445.0
445.0
445.0
445.0
445.0
445.0
445.0
445.0
445.0
445.0
445.0
445.0
445.0
445.0
445.0
445.0
445.0
445.0
445.0
445.0
445.0
445.0
445.0
445.0
445.0
445.0
445.0
445.0
445.0
445.0
445.0
445.0
445.0
445.0
445.0
445.0
445.0
445.0
445.0
445.0
445.0
445.0
445.0
445.0
445.0
445.0
445.0
445.0
445.0
445.0
445.0
445.0
445.0
445.0
445.0
445.0
445.0
445.0
445.0
445.0
445.0
445.0
445.0
445.0
445.0
445.0
445.0
445.0
445.0
445.0
445.0
445.0
445.0
445.0
445.0
445.0
445.0
445.0
445.0
445.0
445.0
445.0
445.0
445.0
445.0
445.0
445.0
445.0
445.0
445.0
445.0
445.0
445.0
445.0
445.0
445.0
445.0
445.0
445.0
445.0
445.0
445.0
445.0
445.0
445.0
445.0
445.0
445.0
445.0
445.0
445.0
445.0
445.0
445.0
445.0
445.0
445.0
445.0
445.0
445.0
445.0
445.0
445.0
445.0
445.0
445.0
445.0
445.0
445.0
445.0
445.0
445.0
445.0
445.0
445.0
445.0
445.0
445.0
445.0
445.0
445.0
445.0
445.0
445.0
445.0
445.0
445.0
445.0
445.0
445.0
445.0
445.0
445.0
445.0
445.0
445.0
445.0
445.0
445.0
445.0
445.0
445.0
445.0
445.0
445.0
445.0
445.0
445.0
445.0
445.0
445.0
445.0
445.0
445.0
445.0
445.0
445.0
445.0
445.0
445.0
445.0
445.0
445.0
445.0
445.0
445.0
445.0
445.0
445.0
445.0
445.0
445.0
445.0
445.0
445.0
445.0
445.0
445.0
445.0
445.0
445.0
445.0
445.0
445.0
445.0
445.0
445.0
445.0
445.0
445.0
445.0
445.0
445.0
445.0
445.0
445.0
445.0
445.0
445.0
445.0
445.0
445.0
445.0
445.0
445.0
445.0
445.0
445.0
445.0
445.0
445.0
445.0
445.0
445.0
445.0
445.0
445.0
445.0
445.0
445.0
445.0
445.0
445.0
445.0
445.0
445.0
445.0
445.0
445.0
445.0
445.0
445.0
445.0
445.0
445.0
445.0
445.0
445.0
445.0
445.0
445.0
445.0
445.0
445.0
445.0
445.0
445.0
445.0
445.0
445.0
445.0
445.0
445.0
445.0
445.0
445.0
445.0
445.0
445.0
445.0
445.0
445.0
445.0
445.0
445.0
445.0
445.0
445.0
445.0
445.0
445.0
445.0
445.0
445.0
445.0
445.0
445.0
445.0
445.0
445.0
445.0
445.0
445.0
445.0
445.0
445.0
445.0
445.0
445.0
445.0
445.0
445.0
445.0
445.0
445.0
445.0
445.0
445.0
445.0
445.0
445.0
445.0
445.0
445.0
445.0
445.0
445.0
445.0
445.0
445.0
445.0
445.0
445.0
445.0
445.0
445.0
445.0
445.0
445.0
445.0
445.0
445.0
445.0
445.0
445.0
445.0
445.0
445.0
445.0
445.0
445.0
445.0
445.0
445.0
445.0
445.0
445.0
445.0
445.0
445.0
445.0
445.0
445.0
445.0
445.0
445.0
445.0
445.0
445.0
445.0
445.0
445.0
445.0
445.0
445.0
445.0
445.0
445.0
445.0
445.0
445.0
445.0
445.0
445.0
445.0
445.0
445.0
445.0
445.0
445.0
445.0
445.0
445.0
445.0
445.0
445.0
445.0
445.0
445.0
445.0
445.0
445.0
445.0
445.0
445.0
445.0
445.0
445.0
445.0
445.0
445.0
445.0
445.0
445.0
445.0
445.0
445.0
445.0
445.0
445.0
445.0
445.0
445.0
445.0
445.0
445.0
445.0
445.0
445.0
445.0
445.0
445.0
445.0
445.0
445.0
445.0
445.0
445.0
445.0
445.0
445.0
445.0
445.0
445.0
445.0
445.0
445.0
445.0
445.0
445.0
446.0
446.0
446.0
449.0
449.0
449.0
452.0
452.0
452.0
455.0
455.0
455.0
458.0
458.0
458.0
461.0
461.0
461.0
464.0
464.0
464.0
467.0
467.0
467.0
470.0
470.0
470.0
473.0
473.0
473.0
476.0
476.0
476.0
479.0
479.0
479.0
482.0
482.0
482.0
485.0
485.0
485.0
488.0
488.0
488.0
491.0
491.0
491.0
494.0
494.0
494.0
497.0
497.0
497.0
500.0
500.0
500.0
503.0
503.0
503.0
506.0
506.0
506.0
509.0
509.0
509.0
512.0
512.0
512.0
515.0
515.0
515.0
518.0
518.0
518.0
521.0
521.0
521.0
524.0
524.0
524.0
527.0
527.0
527.0
530.0
530.0
530.0
533.0
533.0
533.0
536.0
536.0
536.0
539.0
539.0
539.0
542.0
542.0
542.0
545.0
545.0
545.0
548.0
548.0
548.0
551.0
551.0
551.0
554.0
554.0
554.0
557.0
557.0
557.0
560.0
560.0
560.0
563.0
563.0
563.0
566.0
566.0
566.0
569.0
569.0
569.0
572.0
572.0
572.0
575.0
575.0
575.0
578.0
578.0
578.0
581.0
581.0
581.0
584.0
584.0
584.0
587.0
587.0
587.0
590.0
590.0
590.0
593.0
593.0
593.0
596.0
596.0
596.0
599.0
599.0
599.0
602.0
602.0
602.0
605.0
605.0
605.0
608.0
608.0
608.0
611.0
611.0
611.0
614.0
614.0
614.0
617.0
617.0
617.0
620.0
620.0
620.0
623.0
623.0
623.0
626.0
626.0
626.0
629.0
629.0
629.0
632.0
632.0
632.0
635.0
635.0
635.0
638.0
638.0
638.0
641.0
641.0
641.0
644.0
644.0
644.0
647.0
647.0
647.0
650.0
650.0
650.0
653.0
653.0
653.0
656.0
656.0
656.0
659.0
659.0
659.0
662.0
662.0
662.0
665.0
665.0
665.0
668.0
668.0
668.0
671.0
671.0
671.0
674.0
674.0
674.0
677.0
677.0
677.0
680.0
680.0
680.0
683.0
683.0
683.0
686.0
686.0
686.0
689.0
689.0
689.0
692.0
692.0
692.0
695.0
695.0
695.0
698.0
698.0
698.0
701.0
701.0
701.0
704.0
704.0
704.0
707.0
707.0
707.0
710.0
710.0
710.0
713.0
713.0
713.0
716.0
716.0
716.0
719.0
719.0
719.0
722.0
722.0
722.0
725.0
725.0
725.0
728.0
728.0
728.0
728.0
728.0
728.0
728.0
728.0
728.0
728.0
728.0
728.0
728.0
728.0
728.0
728.0
728.0
728.0
728.0
728.0
728.0
728.0
728.0
728.0
728.0
728.0
728.0
728.0
728.0
728.0
728.0
728.0
728.0
728.0
728.0
728.0
728.0
728.0
728.0
728.0
728.0
728.0
728.0
728.0
728.0
728.0
728.0
728.0
728.0
728.0
728.0
728.0
728.0
728.0
728.0
728.0
728.0
728.0
728.0
728.0
728.0
728.0
728.0
728.0
728.0
728.0
728.0
728.0
728.0
728.0
728.0
728.0
728.0
728.0
728.0
728.0
728.0
728.0
728.0
728.0
728.0
728.0
728.0
728.0
728.0
728.0
728.0
728.0
728.0
728.0
728.0
728.0
728.0
728.0
728.0
728.0
728.0
728.0
728.0
728.0
728.0
728.0
728.0
728.0
728.0
728.0
728.0
728.0
728.0
728.0
728.0
728.0
728.0
728.0
728.0
728.0
728.0
728.0
728.0
728.0
728.0
728.0
728.0
728.0
728.0
728.0
728.0
728.0
728.0
728.0
728.0
728.0
728.0
728.0
728.0
728.0
728.0
728.0
728.0
728.0
728.0
728.0
728.0
728.0
728.0
728.0
728.0
728.0
728.0
728.0
728.0
728.0
728.0
728.0
728.0
728.0
728.0
728.0
728.0
728.0
728.0
728.0
728.0
728.0
728.0
728.0
728.0
728.0
728.0
728.0
728.0
728.0
728.0
728.0
728.0
728.0
728.0
728.0
728.0
728.0
728.0
728.0
728.0
728.0
728.0
728.0
728.0
728.0
728.0
728.0
728.0
728.0
728.0
728.0
728.0
728.0
728.0
728.0
728.0
728.0
728.0
728.0
728.0
728.0
728.0
728.0
728.0
728.0
728.0
728.0
728.0
728.0
728.0
728.0
728.0
728.0
728.0
728.0
728.0
728.0
728.0
728.0
728.0
728.0
728.0
728.0
728.0
728.0
728.0
728.0
728.0
728.0
728.0
728.0
728.0
728.0
728.0
728.0
728.0
728.0
728.0
728.0
728.0
728.0
728.0
728.0
728.0
728.0
728.0
728.0
728.0
728.0
728.0
728.0
728.0
728.0
728.0
728.0
728.0
728.0
728.0
728.0
728.0
728.0
728.0
728.0
728.0
728.0
728.0
728.0
728.0
728.0
728.0
728.0
728.0
728.0
728.0
728.0
728.0
728.0
728.0
728.0
728.0
728.0
728.0
728.0
728.0
728.0
728.0
728.0
728.0
728.0
728.0
728.0
728.0
728.0
728.0
728.0
728.0
728.0
728.0
728.0
728.0
728.0
728.0
728.0
728.0
728.0
728.0
728.0
728.0
728.0
728.0
728.0
728.0
728.0
728.0
728.0
728.0
728.0
728.0
728.0
728.0
728.0
728.0
728.0
728.0
728.0
728.0
728.0
728.0
728.0
728.0
728.0
728.0
728.0
728.0
728.0
728.0
728.0
728.0
728.0
728.0
728.0
728.0
728.0
728.0
728.0
728.0
728.0
728.0
728.0
728.0
728.0
728.0
728.0
728.0
728.0
728.0
728.0
728.0
728.0
728.0
729.0
729.0
729.0
732.0
732.0
732.0
735.0
735.0
735.0
738.0
738.0
738.0
741.0
741.0
741.0
744.0
744.0
744.0
747.0
747.0
747.0
750.0
750.0
750.0
753.0
753.0
753.0
756.0
756.0
756.0
759.0
759.0
759.0
762.0
762.0
762.0
765.0
765.0
765.0
768.0
768.0
768.0
771.0
771.0
771.0
774.0
774.0
774.0
777.0
777.0
777.0
780.0
780.0
780.0
783.0
783.0
783.0
783.0
783.0
783.0
786.0
786.0
786.0
789.0
789.0
789.0
791.0
791.0
791.0
791.0
791.0
791.0
791.0
791.0
791.0
791.0
791.0
791.0
791.0
791.0
791.0
792.0
792.0
792.0
795.0
795.0
795.0
796.0
796.0
796.0
796.0
796.0
796.0
796.0
796.0
796.0
796.0
796.0
796.0
797.0
797.0
797.0
800.0
800.0
800.0
803.0
803.0
803.0
806.0
806.0
806.0
809.0
809.0
809.0
812.0
812.0
812.0
815.0
815.0
815.0
818.0
818.0
818.0
821.0
821.0
821.0
824.0
824.0
824.0
827.0
827.0
827.0
830.0
830.0
830.0
833.0
833.0
833.0
836.0
836.0
836.0
839.0
839.0
839.0
842.0
842.0
842.0
845.0
845.0
845.0
848.0
848.0
848.0
851.0
851.0
851.0
854.0
854.0
854.0
857.0
857.0
857.0
860.0
860.0
860.0
863.0
863.0
863.0
866.0
866.0
866.0
869.0
869.0
869.0
872.0
872.0
872.0
875.0
875.0
875.0
878.0
878.0
878.0
881.0
881.0
881.0
884.0
884.0
884.0
887.0
887.0
887.0
890.0
890.0
890.0
893.0
893.0
893.0
896.0
896.0
896.0
899.0
899.0
899.0
902.0
902.0
902.0
905.0
905.0
905.0
908.0
908.0
908.0
911.0
911.0
911.0
914.0
914.0
914.0
917.0
917.0
917.0
920.0
920.0
920.0
920.0
920.0
920.0
920.0
920.0
920.0
920.0
920.0
920.0
920.0
920.0
920.0
920.0
920.0
920.0
920.0
920.0
920.0
920.0
920.0
920.0
920.0
920.0
920.0
920.0
920.0
920.0
920.0
920.0
920.0
920.0
920.0
920.0
920.0
920.0
920.0
920.0
920.0
920.0
920.0
920.0
920.0
920.0
920.0
920.0
920.0
920.0
920.0
920.0
920.0
920.0
920.0
920.0
920.0
920.0
920.0
920.0
920.0
920.0
920.0
920.0
920.0
920.0
920.0
920.0
920.0
920.0
920.0
920.0
920.0
920.0
920.0
920.0
920.0
920.0
920.0
920.0
920.0
920.0
920.0
920.0
920.0
920.0
920.0
920.0
920.0
920.0
920.0
920.0
920.0
920.0
920.0
920.0
920.0
920.0
920.0
920.0
920.0
920.0
920.0
920.0
920.0
920.0
920.0
920.0
920.0
920.0
920.0
920.0
920.0
920.0
920.0
920.0
920.0
920.0
920.0
920.0
920.0
920.0
920.0
920.0
920.0
920.0
920.0
920.0
920.0
920.0
920.0
920.0
920.0
920.0
920.0
920.0
920.0
920.0
920.0
920.0
920.0
920.0
920.0
920.0
920.0
920.0
920.0
920.0
920.0
920.0
920.0
920.0
920.0
920.0
920.0
920.0
920.0
920.0
920.0
920.0
920.0
920.0
920.0
920.0
920.0
920.0
920.0
920.0
920.0
920.0
920.0
920.0
920.0
920.0
920.0
920.0
920.0
920.0
920.0
920.0
920.0
920.0
920.0
920.0
920.0
920.0
920.0
920.0
920.0
920.0
920.0
920.0
920.0
920.0
920.0
920.0
920.0
920.0
920.0
920.0
920.0
920.0
920.0
920.0
920.0
920.0
920.0
920.0
920.0
920.0
920.0
920.0
920.0
920.0
920.0
920.0
920.0
920.0
920.0
920.0
920.0
920.0
920.0
920.0
920.0
920.0
920.0
920.0
920.0
920.0
920.0
920.0
920.0
920.0
920.0
920.0
920.0
920.0
920.0
920.0
920.0
920.0
920.0
920.0
920.0
920.0
920.0
920.0
920.0
920.0
920.0
920.0
920.0
920.0
920.0
920.0
920.0
920.0
920.0
920.0
920.0
920.0
920.0
920.0
920.0
920.0
920.0
920.0
920.0
920.0
920.0
920.0
920.0
920.0
920.0
920.0
920.0
920.0
920.0
920.0
920.0
920.0
920.0
920.0
920.0
920.0
920.0
920.0
920.0
920.0
920.0
920.0
920.0
920.0
920.0
920.0
920.0
920.0
920.0
920.0
920.0
920.0
920.0
920.0
920.0
920.0
920.0
920.0
920.0
920.0
920.0
920.0
920.0
920.0
920.0
920.0
920.0
920.0
920.0
920.0
920.0
920.0
920.0
920.0
920.0
920.0
920.0
920.0
920.0
920.0
920.0
920.0
920.0
920.0
920.0
920.0
920.0
920.0
920.0
920.0
920.0
920.0
920.0
920.0
920.0
920.0
920.0
920.0
920.0
920.0
920.0
920.0
920.0
920.0
920.0
920.0
920.0
920.0
920.0
920.0
920.0
920.0
920.0
920.0
920.0
920.0
920.0
920.0
920.0
920.0
920.0
920.0
920.0
920.0
920.0
920.0
920.0
920.0
920.0
920.0
920.0
920.0
920.0
920.0
920.0
920.0
920.0
920.0
920.0
920.0
920.0
920.0
920.0
920.0
920.0
920.0
920.0
920.0
920.0
920.0
920.0
920.0
920.0
920.0
920.0
920.0
920.0
920.0
920.0
920.0
920.0
920.0
920.0
920.0
920.0
920.0
920.0
920.0
920.0
920.0
920.0
920.0
920.0
920.0
920.0
920.0
920.0
920.0
920.0
920.0
920.0
920.0
920.0
920.0
920.0
920.0
920.0
920.0
920.0
920.0
920.0
920.0
920.0
920.0
920.0
920.0
920.0
920.0
920.0
920.0
920.0
920.0
920.0
920.0
920.0
920.0
920.0
920.0
920.0
920.0
920.0
920.0
920.0
920.0
920.0
920.0
920.0
920.0
920.0
920.0
920.0
920.0
920.0
920.0
920.0
920.0
920.0
920.0
920.0
920.0
920.0
920.0
920.0
920.0
920.0
920.0
920.0
920.0
920.0
920.0
920.0
920.0
920.0
920.0
920.0
920.0
920.0
920.0
920.0
920.0
920.0
920.0
920.0
920.0
920.0
920.0
920.0
920.0
920.0
920.0
920.0
920.0
920.0
920.0
920.0
920.0
920.0
920.0
920.0
920.0
920.0
920.0
920.0
920.0
920.0
923.0
923.0
923.0
926.0
926.0
926.0
929.0
929.0
929.0
932.0
932.0
932.0
935.0
935.0
935.0
938.0
938.0
938.0
941.0
941.0
941.0
944.0
944.0
944.0
947.0
947.0
947.0
950.0
950.0
950.0
953.0
953.0
953.0
956.0
956.0
956.0
959.0
959.0
959.0
962.0
962.0
962.0
965.0
965.0
965.0
968.0
968.0
968.0
971.0
971.0
971.0
974.0
974.0
974.0
977.0
977.0
977.0
978.0
978.0
978.0
979.0
979.0
979.0
982.0
982.0
982.0
985.0
985.0
985.0
988.0
988.0
988.0
991.0
991.0
991.0
994.0
994.0
994.0
997.0
997.0
997.0
1000.0
1000.0
1000.0
1003.0
1003.0
1003.0
1006.0
1006.0
1006.0
1009.0
1009.0
1009.0
1012.0
1012.0
1012.0
1013.0
1013.0
1013.0
1013.0
1013.0
1013.0
1013.0
1013.0
1013.0
1013.0
1013.0
1013.0
1013.0
1013.0
1013.0
1013.0
1013.0
1013.0
1013.0
1013.0
1013.0
1013.0
1013.0
1013.0
1013.0
1013.0
1013.0
1013.0
1013.0
1013.0
1013.0
1013.0
1013.0
1013.0
1013.0
1013.0
1013.0
1013.0
1013.0
1013.0
1013.0
1013.0
1013.0
1013.0
1013.0
1013.0
1013.0
1013.0
1013.0
1013.0
1013.0
1013.0
1013.0
1013.0
1012.0
1012.0
1012.0
1009.0
1009.0
1009.0
1009.0
1009.0
1009.0
1009.0
1009.0
1009.0
1009.0
1009.0
1009.0
1009.0
1009.0
1009.0
1009.0
1009.0
1009.0
1009.0
1009.0
1009.0
1009.0
1009.0
1009.0
1009.0
1009.0
1009.0
1009.0
1009.0
1009.0
1009.0
1009.0
1009.0
1009.0
1009.0
1009.0
1009.0
1009.0
1009.0
1009.0
1009.0
1009.0
1009.0
1009.0
1009.0
1009.0
1009.0
1009.0
1009.0
1009.0
1009.0
1009.0
1009.0
1009.0
1009.0
1009.0
1009.0
1007.0
1007.0
1007.0
1004.0
1004.0
1004.0
1001.0
1001.0
1001.0
998.0
998.0
998.0
995.0
995.0
995.0
992.0
992.0
992.0
989.0
989.0
989.0
986.0
986.0
986.0
983.0
983.0
983.0
980.0
980.0
980.0
977.0
977.0
977.0
974.0
974.0
974.0
971.0
971.0
971.0
968.0
968.0
968.0
965.0
965.0
965.0
962.0
962.0
962.0
959.0
959.0
959.0
956.0
956.0
956.0
953.0
953.0
953.0
950.0
950.0
950.0
947.0
947.0
947.0
944.0
944.0
944.0
941.0
941.0
941.0
938.0
938.0
938.0
937.0
937.0
937.0
937.0
937.0
937.0
937.0
937.0
937.0
937.0
937.0
937.0
937.0
937.0
937.0
937.0
937.0
937.0
937.0
937.0
937.0
937.0
937.0
937.0
937.0
937.0
937.0
937.0
937.0
937.0
937.0
937.0
937.0
937.0
937.0
937.0
937.0
937.0
937.0
937.0
937.0
937.0
937.0
937.0
937.0
937.0
937.0
937.0
937.0
937.0
937.0
937.0
937.0
937.0
937.0
937.0
937.0
937.0
937.0
937.0
937.0
937.0
937.0
937.0
937.0
937.0
937.0
937.0
937.0
937.0
937.0
937.0
937.0
937.0
937.0
937.0
937.0
937.0
937.0
937.0
937.0
937.0
937.0
937.0
937.0
937.0
937.0
937.0
937.0
937.0
937.0
937.0
937.0
937.0
937.0
937.0
937.0
937.0
937.0
937.0
937.0
937.0
937.0
937.0
937.0
937.0
937.0
937.0
937.0
937.0
937.0
937.0
937.0
937.0
937.0
937.0
937.0
937.0
937.0
937.0
937.0
937.0
937.0
937.0
937.0
937.0
937.0
937.0
937.0
937.0
937.0
937.0
937.0
937.0
937.0
937.0
937.0
937.0
937.0
937.0
937.0
937.0
937.0
937.0
937.0
937.0
937.0
937.0
937.0
937.0
937.0
937.0
937.0
937.0
937.0
937.0
937.0
937.0
937.0
937.0
937.0
937.0
937.0
937.0
937.0
937.0
937.0
937.0
937.0
937.0
937.0
937.0
937.0
937.0
937.0
937.0
937.0
937.0
937.0
937.0
937.0
937.0
937.0
937.0
937.0
937.0
937.0
937.0
937.0
937.0
937.0
937.0
937.0
937.0
937.0
937.0
937.0
937.0
937.0
937.0
937.0
937.0
937.0
937.0
937.0
937.0
937.0
937.0
937.0
937.0
937.0
937.0
937.0
937.0
937.0
937.0
937.0
937.0
937.0
937.0
937.0
937.0
937.0
937.0
937.0
937.0
937.0
937.0
937.0
937.0
937.0
937.0
937.0
937.0
937.0
937.0
937.0
937.0
937.0
937.0
937.0
937.0
937.0
937.0
937.0
937.0
937.0
937.0
937.0
937.0
937.0
937.0
937.0
937.0
937.0
937.0
937.0
937.0
937.0
937.0
937.0
937.0
937.0
937.0
937.0
937.0
937.0
937.0
937.0
937.0
937.0
937.0
937.0
937.0
937.0
937.0
937.0
937.0
937.0
937.0
937.0
937.0
937.0
937.0
937.0
937.0
937.0
937.0
937.0
937.0
937.0
937.0
937.0
937.0
937.0
937.0
937.0
937.0
937.0
937.0
937.0
937.0
937.0
937.0
937.0
937.0
937.0
937.0
937.0
937.0
937.0
937.0
937.0
937.0
937.0
937.0
937.0
937.0
937.0
937.0
937.0
937.0
937.0
937.0
937.0
937.0
937.0
937.0
937.0
937.0
937.0
937.0
937.0
937.0
937.0
937.0
937.0
937.0
937.0
937.0
937.0
937.0
937.0
937.0
937.0
937.0
937.0
937.0
937.0
937.0
937.0
937.0
937.0
937.0
937.0
937.0
937.0
937.0
937.0
937.0
937.0
937.0
937.0
937.0
937.0
937.0
937.0
937.0
937.0
937.0
937.0
937.0
937.0
937.0
937.0
937.0
937.0
937.0
937.0
937.0
937.0
937.0
937.0
937.0
937.0
937.0
937.0
937.0
937.0
937.0
937.0
937.0
937.0
937.0
937.0
937.0
937.0
937.0
937.0
937.0
937.0
937.0
937.0
937.0
937.0
937.0
937.0
937.0
937.0
937.0
937.0
937.0
937.0
937.0
937.0
937.0
937.0
937.0
937.0
937.0
937.0
937.0
937.0
937.0
937.0
937.0
937.0
937.0
937.0
937.0
937.0
937.0
937.0
937.0
937.0
937.0
937.0
937.0
937.0
937.0
937.0
937.0
937.0
937.0
937.0
937.0
937.0
937.0
937.0
937.0
937.0
937.0
937.0
937.0
937.0
937.0
937.0
937.0
937.0
937.0
937.0
937.0
937.0
937.0
937.0
937.0
937.0
937.0
937.0
937.0
937.0
937.0
937.0
937.0
937.0
937.0
937.0
937.0
937.0
937.0
937.0
937.0
937.0
937.0
937.0
937.0
937.0
937.0
937.0
937.0
937.0
937.0
937.0
937.0
937.0
937.0
937.0
937.0
937.0
937.0
937.0
937.0
937.0
937.0
937.0
937.0
937.0
937.0
937.0
937.0
937.0
937.0
937.0
937.0
937.0
937.0
937.0
937.0
937.0
937.0
937.0
937.0
937.0
937.0
937.0
937.0
937.0
937.0
937.0
937.0
937.0
937.0
937.0
937.0
937.0
937.0
937.0
937.0
937.0
937.0
937.0
937.0
937.0
937.0
937.0
937.0
937.0
937.0
937.0
937.0
937.0
937.0
937.0
937.0
937.0
937.0
937.0
937.0
937.0
937.0
937.0
937.0
937.0
937.0
937.0
937.0
937.0
937.0
937.0
937.0
937.0
937.0
937.0
937.0
937.0
937.0
937.0
937.0
937.0
937.0
937.0
937.0
937.0
937.0
937.0
937.0
937.0
937.0
937.0
937.0
937.0
937.0
937.0
937.0
937.0
937.0
937.0
937.0
937.0
937.0
937.0
937.0
937.0
937.0
937.0
937.0
937.0
937.0
937.0
937.0
937.0
937.0
937.0
937.0
937.0
937.0
937.0
937.0
937.0
937.0
937.0
937.0
937.0
937.0
937.0
937.0
937.0
937.0
937.0
937.0
937.0
937.0
937.0
937.0
937.0
937.0
937.0
937.0
937.0
937.0
937.0
937.0
937.0
937.0
937.0
937.0
937.0
937.0
937.0
937.0
937.0
937.0
937.0
937.0
937.0
937.0
937.0
937.0
937.0
937.0
937.0
937.0
937.0
937.0
937.0
940.0
940.0
940.0
943.0
943.0
943.0
946.0
946.0
946.0
949.0
949.0
949.0
952.0
952.0
952.0
955.0
955.0
955.0
958.0
958.0
958.0
958.0
958.0
958.0
958.0
958.0
958.0
958.0
958.0
958.0
958.0
958.0
958.0
958.0
958.0
958.0
958.0
958.0
958.0
958.0
958.0
958.0
958.0
958.0
958.0
958.0
958.0
958.0
958.0
958.0
958.0
958.0
958.0
958.0
958.0
958.0
958.0
958.0
958.0
958.0
958.0
958.0
958.0
958.0
958.0
958.0
958.0
958.0
958.0
958.0
958.0
958.0
958.0
958.0
958.0
958.0
958.0
958.0
958.0
958.0
958.0
958.0
958.0
958.0
958.0
958.0
958.0
958.0
958.0
958.0
958.0
958.0
958.0
958.0
958.0
958.0
958.0
958.0
958.0
958.0
958.0
958.0
958.0
958.0
958.0
958.0
958.0
958.0
958.0
958.0
958.0
958.0
958.0
958.0
958.0
958.0
958.0
958.0
958.0
958.0
958.0
958.0
958.0
958.0
958.0
958.0
958.0
958.0
958.0
958.0
958.0
958.0
958.0
958.0
958.0
958.0
958.0
958.0
958.0
958.0
958.0
958.0
958.0
958.0
958.0
958.0
958.0
958.0
958.0
958.0
955.0
955.0
955.0
952.0
952.0
952.0
949.0
949.0
949.0
946.0
946.0
946.0
943.0
943.0
943.0
940.0
940.0
940.0
937.0
937.0
937.0
934.0
934.0
934.0
931.0
931.0
931.0
928.0
928.0
928.0
925.0
925.0
925.0
923.0
923.0
923.0
923.0
923.0
923.0
923.0
923.0
923.0
923.0
923.0
923.0
923.0
923.0
923.0
923.0
923.0
923.0
923.0
923.0
923.0
923.0
923.0
923.0
923.0
923.0
923.0
923.0
923.0
923.0
923.0
923.0
923.0
923.0
923.0
923.0
923.0
923.0
923.0
923.0
923.0
923.0
923.0
923.0
923.0
923.0
923.0
923.0
923.0
923.0
923.0
923.0
923.0
923.0
923.0
923.0
923.0
923.0
923.0
923.0
923.0
923.0
923.0
923.0
923.0
923.0
923.0
923.0
923.0
923.0
923.0
923.0
923.0
923.0
923.0
923.0
923.0
923.0
923.0
923.0
923.0
923.0
923.0
923.0
923.0
923.0
923.0
923.0
923.0
923.0
923.0
923.0
923.0
923.0
923.0
923.0
923.0
923.0
923.0
923.0
923.0
923.0
923.0
923.0
923.0
923.0
923.0
923.0
923.0
923.0
923.0
923.0
923.0
923.0
923.0
923.0
923.0
923.0
923.0
923.0
923.0
923.0
923.0
922.0
922.0
922.0
921.0
921.0
921.0
921.0
921.0
921.0
921.0
921.0
921.0
921.0
921.0
921.0
921.0
921.0
921.0
921.0
921.0
921.0
921.0
921.0
921.0
921.0
921.0
921.0
921.0
921.0
921.0
921.0
921.0
921.0
921.0
921.0
921.0
921.0
921.0
921.0
921.0
921.0
921.0
921.0
921.0
921.0
921.0
921.0
921.0
921.0
921.0
921.0
921.0
921.0
921.0
921.0
921.0
921.0
921.0
921.0
921.0
921.0
921.0
921.0
921.0
921.0
921.0
921.0
921.0
921.0
921.0
921.0
921.0
921.0
921.0
921.0
921.0
921.0
921.0
921.0
921.0
921.0
921.0
921.0
921.0
921.0
921.0
921.0
921.0
921.0
921.0
921.0
921.0
921.0
921.0
921.0
921.0
921.0
921.0
921.0
921.0
921.0
921.0
921.0
921.0
921.0
921.0
921.0
921.0
921.0
921.0
921.0
921.0
921.0
921.0
921.0
921.0
921.0
921.0
921.0
921.0
921.0
921.0
921.0
921.0
921.0
921.0
921.0
921.0
921.0
921.0
921.0
921.0
921.0
921.0
921.0
921.0
921.0
921.0
921.0
921.0
921.0
921.0
921.0
921.0
921.0
921.0
921.0
921.0
921.0
921.0
921.0
921.0
921.0
921.0
921.0
921.0
921.0
921.0
921.0
921.0
921.0
921.0
921.0
921.0
921.0
921.0
921.0
921.0
921.0
921.0
921.0
921.0
921.0
921.0
921.0
921.0
921.0
921.0
921.0
921.0
921.0
921.0
921.0
921.0
921.0
921.0
921.0
921.0
921.0
921.0
921.0
921.0
921.0
921.0
921.0
921.0
921.0
921.0
921.0
921.0
921.0
921.0
921.0
921.0
921.0
921.0
921.0
921.0
921.0
921.0
921.0
921.0
921.0
921.0
921.0
921.0
921.0
921.0
921.0
921.0
921.0
921.0
921.0
921.0
921.0
921.0
921.0
921.0
921.0
921.0
921.0
921.0
921.0
921.0
921.0
921.0
921.0
921.0
921.0
921.0
921.0
921.0
921.0
921.0
921.0
921.0
921.0
921.0
921.0
921.0
921.0
921.0
921.0
921.0
921.0
921.0
921.0
921.0
921.0
921.0
921.0
921.0
921.0
921.0
921.0
921.0
921.0
921.0
921.0
921.0
921.0
921.0
921.0
921.0
921.0
921.0
921.0
921.0
921.0
921.0
921.0
921.0
921.0
921.0
921.0
921.0
921.0
921.0
921.0
921.0
921.0
921.0
921.0
921.0
921.0
921.0
921.0
921.0
921.0
921.0
921.0
921.0
921.0
921.0
921.0
921.0
921.0
921.0
921.0
921.0
921.0
921.0
921.0
921.0
921.0
921.0
921.0
921.0
921.0
921.0
921.0
921.0
921.0
921.0
921.0
921.0
921.0
921.0
921.0
921.0
921.0
921.0
921.0
921.0
921.0
921.0
921.0
921.0
921.0
921.0
921.0
921.0
921.0
921.0
921.0
921.0
921.0
921.0
921.0
921.0
921.0
921.0
921.0
921.0
921.0
921.0
921.0
921.0
921.0
921.0
921.0
921.0
921.0
921.0
921.0
921.0
921.0
921.0
921.0
921.0
921.0
921.0
921.0
921.0
921.0
921.0
921.0
921.0
921.0
921.0
921.0
921.0
921.0
921.0
921.0
921.0
921.0
921.0
921.0
921.0
921.0
921.0
921.0
921.0
921.0
921.0
921.0
921.0
921.0
921.0
921.0
921.0
921.0
921.0
921.0
921.0
921.0
921.0
921.0
921.0
921.0
921.0
921.0
921.0
921.0
921.0
921.0
921.0
921.0
921.0
921.0
921.0
921.0
921.0
921.0
921.0
921.0
921.0
921.0
921.0
921.0
921.0
921.0
921.0
921.0
921.0
921.0
921.0
921.0
921.0
921.0
921.0
921.0
921.0
921.0
921.0
921.0
921.0
921.0
921.0
921.0
921.0
921.0
921.0
921.0
921.0
921.0
921.0
921.0
921.0
921.0
921.0
921.0
921.0
921.0
921.0
921.0
921.0
921.0
921.0
921.0
921.0
921.0
921.0
921.0
921.0
921.0
921.0
921.0
921.0
921.0
921.0
921.0
921.0
921.0
921.0
921.0
921.0
921.0
921.0
921.0
921.0
921.0
921.0
921.0
921.0
921.0
921.0
921.0
921.0
921.0
921.0
921.0
921.0
921.0
921.0
921.0
921.0
921.0
921.0
921.0
921.0
921.0
921.0
921.0
921.0
921.0
921.0
921.0
921.0
921.0
921.0
921.0
921.0
921.0
921.0
921.0
921.0
921.0
921.0
921.0
921.0
921.0
921.0
921.0
921.0
921.0
921.0
921.0
921.0
921.0
921.0
921.0
921.0
921.0
921.0
921.0
921.0
921.0
921.0
921.0
921.0
921.0
921.0
921.0
921.0
921.0
921.0
921.0
921.0
921.0
921.0
921.0
921.0
921.0
921.0
921.0
921.0
921.0
921.0
921.0
921.0
921.0
921.0
921.0
921.0
921.0
921.0
921.0
921.0
921.0
921.0
921.0
921.0
921.0
921.0
921.0
921.0
921.0
921.0
921.0
921.0
921.0
921.0
921.0
921.0
921.0
921.0
921.0
921.0
921.0
921.0
921.0
921.0
921.0
921.0
921.0
921.0
921.0
921.0
921.0
921.0
921.0
921.0
921.0
921.0
921.0
921.0
921.0
921.0
921.0
921.0
921.0
921.0
921.0
921.0
921.0
921.0
921.0
921.0
921.0
921.0
921.0
921.0
921.0
921.0
921.0
921.0
921.0
921.0
921.0
921.0
921.0
921.0
921.0
921.0
921.0
921.0
921.0
921.0
921.0
921.0
921.0
921.0
921.0
921.0
921.0
921.0
921.0
921.0
921.0
921.0
921.0
921.0
921.0
921.0
921.0
921.0
921.0
921.0
921.0
921.0
921.0
921.0
921.0
921.0
921.0
921.0
921.0
921.0
921.0
921.0
921.0
921.0
921.0
921.0
921.0
921.0
921.0
921.0
921.0
921.0
921.0
921.0
921.0
921.0
921.0
921.0
921.0
921.0
921.0
921.0
921.0
921.0
921.0
921.0
921.0
921.0
921.0
921.0
921.0
921.0
921.0
921.0
921.0
921.0
921.0
921.0
921.0
921.0
921.0
921.0
921.0
921.0
921.0
921.0
921.0
921.0
921.0
921.0
921.0
921.0
921.0
921.0
921.0
921.0
921.0
921.0
921.0
921.0
921.0
921.0
921.0
921.0
921.0
921.0
921.0
921.0
921.0
921.0
921.0
921.0
921.0
924.0
924.0
924.0
927.0
927.0
927.0
930.0
930.0
930.0
933.0
933.0
933.0
936.0
936.0
936.0
939.0
939.0
939.0
942.0
942.0
942.0
945.0
945.0
945.0
948.0
948.0
948.0
951.0
951.0
951.0
954.0
954.0
954.0
957.0
957.0
957.0
960.0
960.0
960.0
963.0
963.0
963.0
966.0
966.0
966.0
969.0
969.0
969.0
972.0
972.0
972.0
975.0
975.0
975.0
978.0
978.0
978.0
981.0
981.0
981.0
984.0
984.0
984.0
987.0
987.0
987.0
988.0
988.0
988.0
988.0
988.0
988.0
988.0
988.0
988.0
988.0
988.0
988.0
988.0
988.0
988.0
988.0
988.0
988.0
988.0
988.0
988.0
988.0
988.0
988.0
988.0
988.0
988.0
988.0
988.0
988.0
988.0
988.0
988.0
988.0
988.0
988.0
988.0
988.0
988.0
988.0
988.0
988.0
988.0
988.0
988.0
988.0
988.0
988.0
988.0
988.0
988.0
988.0
988.0
988.0
988.0
988.0
988.0
988.0
988.0
988.0
988.0
988.0
988.0
988.0
988.0
988.0
988.0
988.0
988.0
988.0
988.0
988.0
988.0
988.0
988.0
988.0
988.0
988.0
988.0
988.0
988.0
988.0
988.0
988.0
988.0
988.0
988.0
988.0
988.0
988.0
988.0
988.0
988.0
988.0
988.0
988.0
988.0
988.0
988.0
988.0
988.0
988.0
988.0
988.0
988.0
988.0
988.0
988.0
988.0
988.0
988.0
988.0
988.0
988.0
988.0
988.0
988.0
988.0
988.0
988.0
988.0
988.0
988.0
988.0
988.0
988.0
988.0
988.0
988.0
988.0
988.0
988.0
988.0
988.0
988.0
988.0
988.0
988.0
988.0
988.0
988.0
988.0
988.0
988.0
988.0
988.0
988.0
988.0
988.0
988.0
988.0
988.0
988.0
988.0
988.0
988.0
988.0
988.0
988.0
988.0
988.0
988.0
988.0
988.0
988.0
988.0
988.0
988.0
988.0
988.0
988.0
988.0
988.0
988.0
988.0
988.0
988.0
988.0
988.0
988.0
988.0
988.0
988.0
988.0
988.0
988.0
988.0
988.0
988.0
988.0
988.0
988.0
988.0
988.0
988.0
988.0
988.0
988.0
988.0
988.0
988.0
988.0
988.0
988.0
988.0
988.0
988.0
988.0
988.0
988.0
988.0
988.0
988.0
988.0
988.0
988.0
988.0
988.0
988.0
988.0
988.0
988.0
988.0
988.0
988.0
988.0
988.0
988.0
988.0
988.0
988.0
988.0
988.0
988.0
988.0
988.0
988.0
988.0
988.0
988.0
988.0
988.0
988.0
988.0
988.0
988.0
988.0
988.0
988.0
988.0
988.0
988.0
988.0
988.0
988.0
988.0
988.0
988.0
988.0
988.0
988.0
988.0
988.0
988.0
988.0
988.0
988.0
988.0
988.0
988.0
988.0
988.0
988.0
988.0
988.0
988.0
988.0
988.0
988.0
988.0
988.0
988.0
988.0
988.0
988.0
988.0
988.0
988.0
988.0
988.0
988.0
988.0
988.0
988.0
988.0
988.0
988.0
988.0
988.0
988.0
988.0
988.0
988.0
988.0
988.0
988.0
988.0
988.0
988.0
988.0
988.0
988.0
988.0
988.0
988.0
988.0
988.0
988.0
988.0
988.0
988.0
988.0
988.0
988.0
988.0
988.0
988.0
988.0
988.0
988.0
988.0
988.0
988.0
988.0
988.0
988.0
988.0
988.0
988.0
988.0
988.0
988.0
988.0
988.0
988.0
988.0
988.0
988.0
988.0
988.0
988.0
988.0
988.0
988.0
988.0
988.0
988.0
990.0
990.0
990.0
993.0
993.0
993.0
996.0
996.0
996.0
999.0
999.0
999.0
1002.0
1002.0
1002.0
1005.0
1005.0
1005.0
1008.0
1008.0
1008.0
1011.0
1011.0
1011.0
1014.0
1014.0
1014.0
1017.0
1017.0
1017.0
1020.0
1020.0
1020.0
1023.0
1023.0
1023.0
