0.0
0.0
0.0
0.0
0.0
0.0
0.0
0.0
0.0
0.0
0.0
0.0
0.0
0.0
0.0
0.0
0.0
0.0
0.0
0.0
0.0
0.0
0.0
0.0
0.0
0.0
0.0
0.0
0.0
0.0
0.0
0.0
0.0
0.0
0.0
0.0
0.0
0.0
0.0
0.0
0.0
0.0
0.0
0.0
0.0
0.0
0.0
0.0
0.0
0.0
0.0
0.0
0.0
0.0
0.0
0.0
0.0
0.0
0.0
0.0
0.0
0.0
0.0
0.0
0.0
0.0
0.0
0.0
0.0
0.0
0.0
0.0
0.0
0.0
0.0
0.0
0.0
0.0
0.0
0.0
0.0
0.0
0.0
0.0
0.0
0.0
0.0
0.0
0.0
0.0
0.0
0.0
0.0
0.0
0.0
0.0
0.0
0.0
0.0
0.0
0.0
0.0
0.0
0.0
0.0
0.0
0.0
0.0
0.0
0.0
0.0
0.0
0.0
0.0
0.0
0.0
0.0
0.0
0.0
0.0
0.0
0.0
0.0
0.0
0.0
0.0
0.0
0.0
0.0
0.0
0.0
0.0
0.0
0.0
0.0
0.0
0.0
0.0
0.0
0.0
0.0
0.0
0.0
0.0
0.0
0.0
0.0
0.0
0.0
0.0
0.0
0.0
0.0
0.0
0.0
0.0
0.0
0.0
0.0
0.0
0.0
0.0
0.0
0.0
0.0
0.0
0.0
0.0
0.0
0.0
0.0
0.0
0.0
0.0
0.0
0.0
3.0
3.0
3.0
6.0
6.0
6.0
9.0
9.0
12.0
12.0
12.0
15.0
15.0
15.0
18.0
18.0
18.0
21.0
21.0
21.0
24.0
24.0
24.0
26.0
26.0
26.0
26.0
26.0
26.0
27.0
27.0
27.0
30.0
30.0
30.0
33.0
33.0
33.0
36.0
36.0
36.0
37.0
37.0
37.0
39.0
39.0
39.0
42.0
42.0
42.0
44.0
44.0
44.0
44.0
44.0
44.0
46.0
46.0
46.0
46.0
46.0
46.0
48.0
48.0
48.0
48.0
48.0
48.0
50.0
50.0
50.0
50.0
50.0
50.0
51.0
51.0
51.0
54.0
54.0
54.0
56.0
56.0
56.0
57.0
57.0
57.0
58.0
58.0
58.0
60.0
60.0
60.0
61.0
61.0
61.0
62.0
62.0
62.0
63.0
63.0
63.0
64.0
64.0
64.0
65.0
65.0
65.0
66.0
66.0
66.0
67.0
67.0
67.0
68.0
68.0
68.0
69.0
69.0
69.0
69.0
69.0
69.0
70.0
70.0
70.0
71.0
71.0
71.0
72.0
72.0
72.0
72.0
72.0
72.0
74.0
74.0
74.0
77.0
77.0
77.0
80.0
80.0
80.0
83.0
83.0
83.0
86.0
86.0
86.0
89.0
89.0
89.0
92.0
92.0
92.0
95.0
95.0
95.0
98.0
98.0
98.0
101.0
101.0
101.0
104.0
104.0
104.0
107.0
107.0
107.0
110.0
110.0
110.0
113.0
113.0
113.0
116.0
116.0
116.0
119.0
119.0
119.0
122.0
122.0
122.0
125.0
125.0
125.0
128.0
128.0
131.0
131.0
131.0
134.0
134.0
134.0
137.0
137.0
137.0
140.0
140.0
140.0
143.0
143.0
143.0
146.0
146.0
146.0
146.0
146.0
146.0
146.0
146.0
146.0
146.0
146.0
146.0
146.0
146.0
146.0
146.0
146.0
146.0
146.0
146.0
146.0
146.0
146.0
146.0
146.0
146.0
146.0
146.0
146.0
146.0
146.0
146.0
146.0
149.0
149.0
149.0
152.0
152.0
152.0
155.0
155.0
155.0
158.0
158.0
158.0
161.0
161.0
161.0
164.0
164.0
164.0
167.0
167.0
167.0
170.0
170.0
170.0
173.0
173.0
173.0
176.0
176.0
176.0
179.0
179.0
179.0
182.0
182.0
182.0
185.0
185.0
185.0
188.0
188.0
188.0
190.0
190.0
190.0
190.0
190.0
190.0
190.0
190.0
190.0
192.0
192.0
192.0
195.0
195.0
195.0
198.0
198.0
198.0
201.0
201.0
201.0
204.0
204.0
204.0
207.0
207.0
207.0
210.0
210.0
210.0
213.0
213.0
213.0
216.0
216.0
216.0
219.0
219.0
219.0
222.0
222.0
222.0
225.0
225.0
225.0
228.0
228.0
228.0
231.0
231.0
231.0
234.0
234.0
234.0
237.0
237.0
237.0
240.0
240.0
240.0
243.0
243.0
243.0
246.0
246.0
246.0
248.0
248.0
248.0
248.0
248.0
248.0
248.0
248.0
248.0
248.0
248.0
248.0
248.0
248.0
248.0
248.0
248.0
248.0
248.0
248.0
248.0
248.0
248.0
248.0
248.0
248.0
248.0
248.0
248.0
248.0
248.0
248.0
248.0
248.0
248.0
248.0
248.0
248.0
248.0
248.0
248.0
248.0
248.0
248.0
248.0
248.0
248.0
248.0
248.0
248.0
248.0
248.0
248.0
248.0
248.0
248.0
248.0
248.0
248.0
248.0
248.0
248.0
248.0
248.0
248.0
248.0
248.0
248.0
248.0
248.0
248.0
248.0
248.0
248.0
248.0
248.0
248.0
248.0
248.0
248.0
248.0
248.0
248.0
248.0
248.0
248.0
248.0
248.0
248.0
248.0
248.0
248.0
248.0
248.0
248.0
248.0
248.0
248.0
248.0
248.0
248.0
248.0
248.0
248.0
248.0
248.0
248.0
248.0
248.0
248.0
248.0
248.0
248.0
248.0
248.0
248.0
248.0
248.0
248.0
248.0
248.0
248.0
248.0
248.0
248.0
248.0
248.0
248.0
248.0
248.0
248.0
248.0
248.0
248.0
248.0
248.0
248.0
248.0
248.0
248.0
248.0
248.0
248.0
248.0
248.0
248.0
248.0
248.0
248.0
248.0
248.0
248.0
248.0
248.0
248.0
248.0
248.0
248.0
248.0
248.0
248.0
248.0
248.0
248.0
248.0
248.0
248.0
248.0
248.0
248.0
248.0
248.0
248.0
247.0
247.0
247.0
244.0
244.0
244.0
241.0
241.0
241.0
238.0
238.0
238.0
235.0
235.0
235.0
232.0
232.0
232.0
231.0
231.0
231.0
231.0
231.0
231.0
231.0
231.0
231.0
231.0
231.0
231.0
231.0
231.0
231.0
231.0
231.0
231.0
231.0
231.0
231.0
231.0
231.0
231.0
231.0
231.0
231.0
231.0
231.0
231.0
231.0
231.0
231.0
231.0
231.0
231.0
231.0
231.0
231.0
231.0
231.0
231.0
231.0
231.0
231.0
231.0
231.0
231.0
231.0
231.0
231.0
231.0
231.0
231.0
231.0
231.0
231.0
231.0
231.0
231.0
231.0
231.0
231.0
231.0
231.0
231.0
231.0
231.0
231.0
231.0
231.0
231.0
231.0
231.0
231.0
231.0
231.0
231.0
231.0
231.0
231.0
231.0
231.0
231.0
231.0
231.0
231.0
231.0
231.0
231.0
231.0
231.0
231.0
231.0
231.0
231.0
231.0
231.0
231.0
231.0
231.0
231.0
231.0
231.0
231.0
231.0
231.0
231.0
231.0
231.0
231.0
231.0
231.0
231.0
231.0
231.0
231.0
231.0
231.0
231.0
231.0
231.0
231.0
231.0
231.0
231.0
231.0
231.0
231.0
231.0
231.0
231.0
231.0
231.0
231.0
231.0
231.0
231.0
231.0
231.0
231.0
231.0
231.0
231.0
231.0
231.0
233.0
233.0
233.0
236.0
236.0
236.0
239.0
239.0
239.0
242.0
242.0
242.0
245.0
245.0
245.0
248.0
248.0
248.0
251.0
251.0
251.0
254.0
254.0
254.0
257.0
257.0
257.0
260.0
260.0
260.0
263.0
263.0
263.0
266.0
266.0
266.0
269.0
269.0
269.0
272.0
272.0
272.0
275.0
275.0
275.0
278.0
278.0
278.0
281.0
281.0
281.0
284.0
284.0
284.0
287.0
287.0
290.0
290.0
290.0
293.0
293.0
293.0
296.0
296.0
296.0
299.0
299.0
299.0
302.0
302.0
302.0
305.0
305.0
305.0
307.0
307.0
307.0
307.0
307.0
307.0
307.0
307.0
307.0
307.0
307.0
307.0
307.0
307.0
307.0
307.0
307.0
307.0
307.0
307.0
307.0
307.0
307.0
307.0
307.0
307.0
307.0
307.0
307.0
307.0
307.0
307.0
307.0
307.0
307.0
307.0
307.0
307.0
307.0
307.0
307.0
307.0
307.0
307.0
307.0
307.0
307.0
307.0
307.0
307.0
307.0
307.0
307.0
307.0
307.0
307.0
307.0
307.0
307.0
307.0
307.0
307.0
307.0
307.0
307.0
307.0
307.0
307.0
307.0
307.0
307.0
307.0
307.0
307.0
307.0
310.0
310.0
310.0
313.0
313.0
313.0
316.0
316.0
316.0
319.0
319.0
319.0
322.0
322.0
322.0
325.0
325.0
325.0
328.0
328.0
328.0
331.0
331.0
331.0
334.0
334.0
334.0
337.0
337.0
337.0
340.0
340.0
340.0
343.0
343.0
343.0
346.0
346.0
346.0
349.0
349.0
349.0
352.0
352.0
352.0
355.0
355.0
355.0
358.0
358.0
358.0
361.0
361.0
361.0
364.0
364.0
364.0
365.0
365.0
365.0
365.0
365.0
365.0
365.0
365.0
365.0
365.0
365.0
365.0
365.0
365.0
365.0
365.0
365.0
365.0
365.0
365.0
365.0
365.0
365.0
365.0
365.0
365.0
365.0
365.0
365.0
365.0
365.0
365.0
365.0
365.0
365.0
366.0
366.0
366.0
369.0
369.0
369.0
372.0
372.0
372.0
375.0
375.0
375.0
378.0
378.0
378.0
381.0
381.0
381.0
384.0
384.0
384.0
387.0
387.0
387.0
390.0
390.0
390.0
393.0
393.0
393.0
396.0
396.0
396.0
399.0
399.0
399.0
402.0
402.0
402.0
405.0
405.0
405.0
408.0
408.0
408.0
408.0
408.0
408.0
408.0
408.0
408.0
408.0
408.0
408.0
408.0
408.0
408.0
408.0
408.0
408.0
408.0
408.0
408.0
408.0
408.0
408.0
408.0
408.0
408.0
408.0
408.0
408.0
408.0
408.0
408.0
408.0
408.0
408.0
408.0
408.0
408.0
408.0
408.0
408.0
408.0
408.0
408.0
408.0
408.0
408.0
408.0
408.0
408.0
408.0
408.0
408.0
408.0
408.0
408.0
408.0
408.0
408.0
408.0
408.0
408.0
408.0
408.0
408.0
408.0
408.0
408.0
408.0
408.0
408.0
408.0
408.0
408.0
408.0
408.0
408.0
408.0
408.0
408.0
408.0
408.0
408.0
408.0
408.0
408.0
408.0
408.0
408.0
408.0
408.0
408.0
408.0
408.0
408.0
408.0
408.0
408.0
408.0
408.0
408.0
408.0
408.0
408.0
408.0
408.0
408.0
408.0
408.0
408.0
408.0
408.0
408.0
408.0
408.0
408.0
408.0
408.0
408.0
408.0
408.0
408.0
408.0
408.0
408.0
408.0
408.0
408.0
408.0
408.0
408.0
408.0
408.0
408.0
408.0
408.0
408.0
408.0
408.0
408.0
408.0
408.0
408.0
408.0
408.0
408.0
408.0
408.0
408.0
408.0
408.0
408.0
408.0
408.0
408.0
408.0
408.0
408.0
408.0
408.0
408.0
408.0
408.0
408.0
408.0
408.0
408.0
408.0
408.0
408.0
408.0
408.0
408.0
408.0
408.0
408.0
408.0
408.0
408.0
408.0
408.0
408.0
408.0
408.0
408.0
408.0
408.0
408.0
408.0
408.0
408.0
408.0
408.0
408.0
408.0
408.0
408.0
408.0
408.0
408.0
408.0
408.0
408.0
408.0
408.0
408.0
408.0
408.0
408.0
408.0
408.0
408.0
408.0
408.0
408.0
408.0
408.0
408.0
408.0
408.0
408.0
408.0
408.0
408.0
408.0
408.0
408.0
408.0
408.0
408.0
408.0
408.0
408.0
408.0
408.0
408.0
408.0
408.0
408.0
408.0
408.0
408.0
408.0
408.0
408.0
408.0
408.0
408.0
408.0
408.0
408.0
408.0
408.0
408.0
408.0
408.0
408.0
408.0
408.0
408.0
408.0
408.0
408.0
408.0
408.0
408.0
408.0
408.0
408.0
408.0
408.0
408.0
408.0
408.0
408.0
408.0
408.0
408.0
408.0
408.0
408.0
408.0
408.0
408.0
408.0
408.0
408.0
408.0
408.0
408.0
408.0
408.0
408.0
408.0
408.0
408.0
408.0
408.0
408.0
408.0
408.0
408.0
408.0
408.0
408.0
408.0
408.0
408.0
408.0
408.0
411.0
411.0
411.0
414.0
414.0
414.0
417.0
417.0
417.0
