0.0
0.0
0.0
0.0
0.0
0.0
0.0
0.0
0.0
0.0
0.0
0.0
0.0
0.0
0.0
0.0
0.0
0.0
0.0
0.0
0.0
0.0
0.0
0.0
0.0
0.0
0.0
0.0
0.0
0.0
0.0
0.0
0.0
0.0
0.0
0.0
0.0
0.0
0.0
0.0
0.0
0.0
0.0
0.0
0.0
0.0
0.0
0.0
0.0
0.0
0.0
0.0
0.0
0.0
0.0
0.0
0.0
0.0
0.0
0.0
0.0
0.0
0.0
0.0
0.0
0.0
0.0
0.0
0.0
0.0
0.0
0.0
0.0
0.0
0.0
0.0
0.0
0.0
0.0
0.0
0.0
0.0
0.0
0.0
0.0
0.0
0.0
0.0
0.0
0.0
0.0
0.0
0.0
0.0
0.0
0.0
0.0
0.0
0.0
0.0
0.0
0.0
0.0
0.0
0.0
0.0
0.0
0.0
0.0
0.0
0.0
0.0
0.0
0.0
0.0
0.0
0.0
0.0
0.0
0.0
0.0
0.0
0.0
0.0
0.0
0.0
0.0
0.0
0.0
0.0
0.0
0.0
0.0
0.0
0.0
0.0
0.0
0.0
0.0
0.0
0.0
0.0
0.0
0.0
0.0
0.0
0.0
0.0
0.0
0.0
0.0
0.0
0.0
0.0
0.0
0.0
0.0
0.0
0.0
0.0
0.0
0.0
0.0
0.0
0.0
0.0
0.0
0.0
0.0
0.0
0.0
0.0
0.0
0.0
0.0
0.0
0.0
0.0
0.0
0.0
0.0
0.0
0.0
0.0
0.0
0.0
0.0
0.0
0.0
0.0
0.0
0.0
0.0
0.0
0.0
0.0
0.0
0.0
0.0
0.0
0.0
0.0
0.0
0.0
0.0
0.0
0.0
0.0
0.0
0.0
0.0
0.0
0.0
0.0
0.0
0.0
0.0
0.0
0.0
0.0
0.0
0.0
0.0
0.0
0.0
0.0
0.0
0.0
0.0
0.0
0.0
0.0
0.0
0.0
0.0
0.0
0.0
0.0
0.0
0.0
0.0
0.0
0.0
0.0
0.0
0.0
0.0
0.0
0.0
0.0
0.0
0.0
0.0
0.0
0.0
0.0
0.0
0.0
0.0
0.0
0.0
0.0
0.0
0.0
0.0
0.0
0.0
0.0
0.0
0.0
0.0
0.0
0.0
0.0
0.0
0.0
0.0
0.0
0.0
0.0
0.0
0.0
0.0
0.0
0.0
0.0
0.0
0.0
0.0
0.0
0.0
0.0
0.0
3.0
3.0
3.0
6.0
6.0
6.0
9.0
9.0
9.0
12.0
12.0
12.0
15.0
15.0
15.0
18.0
18.0
18.0
21.0
21.0
21.0
24.0
24.0
24.0
27.0
27.0
27.0
30.0
30.0
30.0
33.0
33.0
33.0
36.0
36.0
36.0
39.0
39.0
39.0
42.0
42.0
42.0
45.0
45.0
45.0
48.0
48.0
48.0
51.0
51.0
51.0
54.0
54.0
54.0
57.0
57.0
57.0
60.0
60.0
60.0
63.0
63.0
63.0
66.0
66.0
66.0
67.0
67.0
67.0
70.0
70.0
70.0
73.0
73.0
73.0
76.0
76.0
76.0
79.0
79.0
79.0
82.0
82.0
82.0
85.0
85.0
85.0
88.0
88.0
88.0
91.0
91.0
91.0
94.0
94.0
94.0
97.0
97.0
97.0
100.0
100.0
100.0
101.0
101.0
101.0
101.0
101.0
101.0
101.0
101.0
101.0
101.0
101.0
101.0
101.0
101.0
101.0
101.0
101.0
101.0
101.0
101.0
101.0
101.0
101.0
101.0
101.0
101.0
101.0
101.0
101.0
101.0
101.0
101.0
101.0
101.0
101.0
101.0
101.0
101.0
101.0
101.0
101.0
101.0
101.0
101.0
101.0
101.0
101.0
101.0
101.0
101.0
101.0
101.0
101.0
101.0
101.0
101.0
101.0
101.0
101.0
101.0
101.0
101.0
101.0
101.0
101.0
101.0
101.0
101.0
101.0
101.0
101.0
101.0
101.0
101.0
101.0
101.0
101.0
101.0
101.0
101.0
101.0
101.0
101.0
101.0
101.0
101.0
101.0
101.0
101.0
101.0
101.0
101.0
101.0
101.0
101.0
101.0
101.0
101.0
101.0
101.0
101.0
101.0
101.0
101.0
101.0
101.0
101.0
101.0
101.0
101.0
101.0
104.0
104.0
104.0
107.0
107.0
107.0
110.0
110.0
110.0
113.0
113.0
113.0
116.0
116.0
116.0
119.0
119.0
119.0
122.0
122.0
122.0
125.0
125.0
125.0
128.0
128.0
128.0
131.0
131.0
131.0
134.0
134.0
134.0
137.0
137.0
137.0
140.0
140.0
140.0
143.0
143.0
143.0
145.0
145.0
145.0
145.0
145.0
145.0
145.0
145.0
145.0
145.0
145.0
145.0
145.0
145.0
145.0
145.0
145.0
145.0
145.0
145.0
145.0
145.0
145.0
145.0
145.0
145.0
145.0
145.0
145.0
145.0
145.0
145.0
145.0
145.0
145.0
145.0
145.0
145.0
145.0
145.0
145.0
145.0
145.0
145.0
145.0
145.0
145.0
145.0
145.0
145.0
145.0
145.0
145.0
145.0
145.0
145.0
145.0
145.0
145.0
145.0
145.0
145.0
145.0
145.0
145.0
145.0
145.0
145.0
145.0
145.0
145.0
145.0
145.0
145.0
145.0
145.0
145.0
145.0
145.0
145.0
145.0
145.0
145.0
145.0
145.0
145.0
145.0
145.0
145.0
145.0
145.0
145.0
145.0
145.0
145.0
145.0
145.0
145.0
145.0
145.0
145.0
145.0
145.0
145.0
145.0
145.0
145.0
145.0
145.0
145.0
145.0
145.0
145.0
145.0
145.0
145.0
145.0
145.0
145.0
145.0
145.0
145.0
145.0
145.0
145.0
145.0
145.0
145.0
145.0
145.0
145.0
145.0
145.0
145.0
145.0
145.0
145.0
145.0
145.0
145.0
145.0
145.0
145.0
145.0
145.0
145.0
145.0
145.0
145.0
145.0
145.0
145.0
145.0
145.0
145.0
145.0
145.0
145.0
145.0
145.0
145.0
145.0
145.0
145.0
145.0
145.0
145.0
145.0
145.0
145.0
145.0
145.0
145.0
145.0
145.0
145.0
145.0
145.0
145.0
145.0
145.0
145.0
145.0
145.0
145.0
145.0
145.0
145.0
145.0
145.0
145.0
145.0
145.0
145.0
145.0
145.0
145.0
145.0
145.0
145.0
145.0
145.0
145.0
145.0
145.0
145.0
145.0
145.0
145.0
145.0
145.0
145.0
145.0
145.0
145.0
145.0
145.0
145.0
145.0
145.0
145.0
145.0
145.0
145.0
145.0
145.0
145.0
145.0
145.0
145.0
145.0
145.0
145.0
145.0
145.0
145.0
145.0
145.0
145.0
145.0
145.0
145.0
145.0
145.0
145.0
145.0
145.0
145.0
145.0
145.0
145.0
145.0
145.0
145.0
145.0
145.0
145.0
145.0
145.0
145.0
145.0
145.0
145.0
145.0
145.0
145.0
145.0
145.0
145.0
145.0
145.0
145.0
145.0
145.0
145.0
145.0
145.0
145.0
145.0
145.0
145.0
145.0
145.0
145.0
145.0
145.0
145.0
145.0
145.0
145.0
145.0
145.0
145.0
145.0
145.0
145.0
145.0
145.0
145.0
145.0
145.0
145.0
145.0
145.0
145.0
145.0
145.0
145.0
145.0
145.0
145.0
142.0
142.0
142.0
139.0
139.0
139.0
136.0
136.0
136.0
133.0
133.0
133.0
130.0
130.0
130.0
127.0
127.0
127.0
124.0
124.0
124.0
121.0
121.0
121.0
118.0
118.0
118.0
115.0
115.0
115.0
112.0
112.0
112.0
109.0
109.0
109.0
106.0
106.0
106.0
103.0
103.0
103.0
100.0
100.0
100.0
97.0
97.0
97.0
94.0
94.0
94.0
91.0
91.0
91.0
88.0
88.0
88.0
85.0
85.0
85.0
82.0
82.0
82.0
79.0
79.0
79.0
76.0
76.0
76.0
73.0
73.0
73.0
70.0
70.0
70.0
67.0
67.0
67.0
64.0
64.0
64.0
61.0
61.0
61.0
58.0
58.0
58.0
55.0
55.0
55.0
52.0
52.0
52.0
49.0
49.0
49.0
46.0
46.0
46.0
43.0
43.0
43.0
40.0
40.0
40.0
37.0
37.0
37.0
34.0
34.0
34.0
31.0
31.0
31.0
28.0
28.0
28.0
25.0
25.0
25.0
22.0
22.0
22.0
19.0
19.0
19.0
16.0
16.0
16.0
13.0
13.0
13.0
10.0
10.0
10.0
7.0
7.0
7.0
4.0
4.0
4.0
1.0
1.0
1.0
-2.0
-2.0
-2.0
-5.0
-5.0
-5.0
-8.0
-8.0
-8.0
-11.0
-11.0
-11.0
-14.0
-14.0
-14.0
-17.0
-17.0
-17.0
-20.0
-20.0
-20.0
-23.0
-23.0
-23.0
-26.0
-26.0
-26.0
-29.0
-29.0
-29.0
-32.0
-32.0
-32.0
-35.0
-35.0
-35.0
-38.0
-38.0
-38.0
-41.0
-41.0
-41.0
-44.0
-44.0
-44.0
-47.0
-47.0
-47.0
-50.0
-50.0
-50.0
-53.0
-53.0
-53.0
-56.0
-56.0
-56.0
-59.0
-59.0
-59.0
-62.0
-62.0
-62.0
-65.0
-65.0
-65.0
-68.0
-68.0
-68.0
-71.0
-71.0
-71.0
-74.0
-74.0
-74.0
-77.0
-77.0
-77.0
-80.0
-80.0
-80.0
-83.0
-83.0
-83.0
-86.0
-86.0
-86.0
-89.0
-89.0
-89.0
-92.0
-92.0
-92.0
-95.0
-95.0
-95.0
-98.0
-98.0
-98.0
-101.0
-101.0
-101.0
-104.0
-104.0
-104.0
-107.0
-107.0
-107.0
-110.0
-110.0
-110.0
-113.0
-113.0
-113.0
-116.0
-116.0
-116.0
-119.0
-119.0
-119.0
-122.0
-122.0
-122.0
-125.0
-125.0
-125.0
-128.0
-128.0
-128.0
-131.0
-131.0
-131.0
-134.0
-134.0
-134.0
-137.0
-137.0
-137.0
-140.0
-140.0
-140.0
-143.0
-143.0
-143.0
-146.0
-146.0
-146.0
-149.0
-149.0
-149.0
-152.0
-152.0
-152.0
-155.0
-155.0
-155.0
-158.0
-158.0
-158.0
-161.0
-161.0
-161.0
-164.0
-164.0
-164.0
-167.0
-167.0
-167.0
-170.0
-170.0
-170.0
-173.0
-173.0
-173.0
-176.0
-176.0
-176.0
-179.0
-179.0
-179.0
-182.0
-182.0
-182.0
-185.0
-185.0
-185.0
-188.0
-188.0
-188.0
-191.0
-191.0
-191.0
-194.0
-194.0
-194.0
-197.0
-197.0
-197.0
-200.0
-200.0
-200.0
-203.0
-203.0
-203.0
-206.0
-206.0
-206.0
-209.0
-209.0
-209.0
-212.0
-212.0
-212.0
-215.0
-215.0
-215.0
-218.0
-218.0
-218.0
-221.0
-221.0
-221.0
-224.0
-224.0
-224.0
-227.0
-227.0
-227.0
-230.0
-230.0
-230.0
-233.0
-233.0
-233.0
-236.0
-236.0
-236.0
-239.0
-239.0
-239.0
-242.0
-242.0
-242.0
-245.0
-245.0
-245.0
-248.0
-248.0
-248.0
-251.0
-251.0
-251.0
-254.0
-254.0
-254.0
-257.0
-257.0
-257.0
-260.0
-260.0
-260.0
-263.0
-263.0
-263.0
-266.0
-266.0
-266.0
-269.0
-269.0
-269.0
-272.0
-272.0
-272.0
-275.0
-275.0
-275.0
-278.0
-278.0
-278.0
-281.0
-281.0
-281.0
-284.0
-284.0
-284.0
-287.0
-287.0
-287.0
-290.0
-290.0
-290.0
-293.0
-293.0
-293.0
-296.0
-296.0
-296.0
-299.0
-299.0
-299.0
-302.0
-302.0
-302.0
-305.0
-305.0
-305.0
-308.0
-308.0
-308.0
-309.0
-309.0
-309.0
-309.0
-309.0
-309.0
-309.0
-309.0
-309.0
-309.0
-309.0
-309.0
-309.0
-309.0
-309.0
-309.0
-309.0
-309.0
-309.0
-309.0
-309.0
-309.0
-309.0
-309.0
-309.0
-309.0
-309.0
-309.0
-309.0
-309.0
-309.0
-309.0
-309.0
-309.0
-309.0
-309.0
-309.0
-309.0
-309.0
-309.0
-309.0
-309.0
-309.0
-309.0
-309.0
-309.0
-309.0
-309.0
-309.0
-309.0
-309.0
-309.0
-309.0
-309.0
-309.0
-309.0
-309.0
-309.0
-309.0
-309.0
-309.0
-309.0
-309.0
-309.0
-309.0
-309.0
-309.0
-309.0
-309.0
-309.0
-309.0
-309.0
-309.0
-309.0
-309.0
-309.0
-309.0
-309.0
-309.0
-309.0
-309.0
-309.0
-309.0
-309.0
-309.0
-309.0
-309.0
-309.0
-309.0
-309.0
-309.0
-309.0
-309.0
-309.0
-309.0
-309.0
-309.0
-309.0
-309.0
-309.0
-309.0
-309.0
-309.0
-309.0
-309.0
-309.0
-309.0
-309.0
-309.0
-309.0
-309.0
-309.0
-309.0
-309.0
-309.0
-309.0
-309.0
-309.0
-309.0
-309.0
-309.0
-309.0
-309.0
-309.0
-309.0
-309.0
-310.0
-310.0
-310.0
-313.0
-313.0
-313.0
-316.0
-316.0
-316.0
-319.0
-319.0
-319.0
-322.0
-322.0
-322.0
-325.0
-325.0
-325.0
-328.0
-328.0
-328.0
-331.0
-331.0
-331.0
-334.0
-334.0
-334.0
-337.0
-337.0
-337.0
-340.0
-340.0
-340.0
-343.0
-343.0
-343.0
-346.0
-346.0
-346.0
-349.0
-349.0
-349.0
-352.0
-352.0
-352.0
-355.0
-355.0
-355.0
-358.0
-358.0
-358.0
-361.0
-361.0
-361.0
-364.0
-364.0
-364.0
-367.0
-367.0
-367.0
-370.0
-370.0
-370.0
-373.0
-373.0
-373.0
-376.0
-376.0
-376.0
-379.0
-379.0
-379.0
-382.0
-382.0
-382.0
-385.0
-385.0
-385.0
-388.0
-388.0
-388.0
-391.0
-391.0
-391.0
-394.0
-394.0
-394.0
-397.0
-397.0
-397.0
-400.0
-400.0
-400.0
-403.0
-403.0
-403.0
-406.0
-406.0
-406.0
-409.0
-409.0
-409.0
-412.0
-412.0
-412.0
-415.0
-415.0
-415.0
-418.0
-418.0
-418.0
-421.0
-421.0
-421.0
-424.0
-424.0
-424.0
-427.0
-427.0
-427.0
-430.0
-430.0
-430.0
-433.0
-433.0
-433.0
-436.0
-436.0
-436.0
-439.0
-439.0
-439.0
-442.0
-442.0
-442.0
-445.0
-445.0
-445.0
-448.0
-448.0
-448.0
