0.0
0.0
0.0
0.0
0.0
0.0
0.0
0.0
0.0
0.0
0.0
0.0
0.0
0.0
0.0
0.0
0.0
0.0
0.0
0.0
1.0
1.0
1.0
4.0
4.0
4.0
7.0
7.0
7.0
10.0
10.0
10.0
10.0
10.0
10.0
10.0
10.0
10.0
10.0
10.0
10.0
10.0
10.0
10.0
10.0
10.0
11.0
11.0
11.0
14.0
14.0
14.0
17.0
17.0
17.0
20.0
20.0
20.0
21.0
21.0
21.0
21.0
21.0
21.0
21.0
21.0
21.0
21.0
21.0
21.0
21.0
21.0
21.0
21.0
21.0
21.0
21.0
21.0
23.0
23.0
23.0
26.0
26.0
26.0
28.0
28.0
28.0
28.0
28.0
28.0
28.0
28.0
28.0
28.0
28.0
28.0
28.0
28.0
28.0
28.0
28.0
28.0
28.0
28.0
28.0
30.0
30.0
30.0
32.0
32.0
35.0
35.0
35.0
36.0
36.0
36.0
36.0
36.0
36.0
36.0
36.0
36.0
36.0
36.0
36.0
36.0
36.0
36.0
36.0
36.0
36.0
36.0
36.0
36.0
36.0
36.0
36.0
36.0
36.0
36.0
39.0
39.0
39.0
42.0
42.0
45.0
45.0
45.0
48.0
48.0
48.0
51.0
51.0
51.0
54.0
54.0
54.0
57.0
57.0
57.0
60.0
60.0
60.0
63.0
63.0
63.0
66.0
66.0
66.0
69.0
69.0
69.0
72.0
72.0
72.0
75.0
75.0
75.0
76.0
76.0
76.0
76.0
76.0
76.0
76.0
76.0
76.0
76.0
76.0
76.0
76.0
76.0
76.0
76.0
76.0
76.0
76.0
76.0
76.0
76.0
76.0
76.0
76.0
76.0
76.0
76.0
76.0
76.0
76.0
76.0
76.0
76.0
76.0
76.0
76.0
76.0
76.0
76.0
76.0
76.0
76.0
76.0
76.0
76.0
76.0
76.0
76.0
76.0
76.0
76.0
76.0
76.0
76.0
76.0
76.0
76.0
79.0
79.0
79.0
82.0
82.0
82.0
85.0
85.0
85.0
88.0
88.0
88.0
91.0
91.0
91.0
94.0
94.0
97.0
97.0
97.0
97.0
97.0
97.0
99.0
99.0
99.0
102.0
102.0
102.0
105.0
105.0
105.0
108.0
108.0
108.0
109.0
109.0
109.0
109.0
109.0
109.0
109.0
109.0
109.0
109.0
109.0
109.0
109.0
109.0
109.0
110.0
110.0
113.0
113.0
113.0
116.0
116.0
116.0
119.0
119.0
119.0
122.0
122.0
122.0
125.0
125.0
125.0
128.0
128.0
128.0
131.0
131.0
131.0
134.0
134.0
134.0
137.0
137.0
137.0
139.0
139.0
139.0
139.0
139.0
139.0
136.0
136.0
136.0
133.0
133.0
130.0
130.0
130.0
127.0
127.0
127.0
124.0
124.0
124.0
121.0
121.0
121.0
118.0
118.0
118.0
115.0
115.0
115.0
112.0
112.0
112.0
109.0
109.0
109.0
106.0
106.0
106.0
105.0
105.0
105.0
105.0
105.0
105.0
106.0
106.0
109.0
109.0
109.0
112.0
112.0
112.0
115.0
115.0
115.0
118.0
118.0
118.0
121.0
121.0
121.0
124.0
124.0
124.0
127.0
127.0
127.0
130.0
130.0
130.0
133.0
133.0
133.0
136.0
136.0
136.0
139.0
139.0
139.0
142.0
142.0
145.0
145.0
145.0
146.0
146.0
146.0
146.0
146.0
146.0
146.0
146.0
146.0
146.0
146.0
146.0
145.0
145.0
145.0
142.0
142.0
142.0
140.0
140.0
140.0
136.0
136.0
136.0
136.0
136.0
136.0
138.0
138.0
138.0
141.0
141.0
141.0
144.0
144.0
147.0
147.0
147.0
150.0
150.0
150.0
153.0
153.0
153.0
156.0
156.0
156.0
159.0
159.0
159.0
162.0
162.0
162.0
165.0
165.0
165.0
168.0
168.0
168.0
171.0
171.0
171.0
174.0
174.0
174.0
177.0
177.0
177.0
179.0
179.0
181.0
181.0
181.0
183.0
183.0
183.0
186.0
186.0
186.0
189.0
189.0
189.0
191.0
191.0
191.0
191.0
191.0
191.0
191.0
191.0
191.0
191.0
191.0
191.0
191.0
191.0
191.0
191.0
191.0
191.0
191.0
191.0
191.0
193.0
193.0
196.0
196.0
196.0
199.0
199.0
199.0
202.0
202.0
202.0
205.0
205.0
205.0
205.0
205.0
205.0
207.0
207.0
207.0
210.0
210.0
210.0
213.0
213.0
213.0
216.0
216.0
216.0
219.0
219.0
219.0
222.0
222.0
222.0
225.0
225.0
225.0
228.0
228.0
231.0
231.0
231.0
234.0
234.0
234.0
234.0
234.0
234.0
234.0
234.0
234.0
234.0
234.0
234.0
235.0
235.0
235.0
238.0
238.0
238.0
240.0
240.0
240.0
243.0
243.0
243.0
246.0
246.0
246.0
249.0
249.0
249.0
251.0
251.0
251.0
251.0
251.0
251.0
251.0
251.0
251.0
251.0
251.0
251.0
251.0
251.0
251.0
251.0
251.0
251.0
251.0
251.0
253.0
253.0
253.0
256.0
256.0
256.0
259.0
259.0
259.0
262.0
262.0
262.0
265.0
265.0
265.0
268.0
268.0
271.0
271.0
271.0
272.0
272.0
272.0
272.0
272.0
272.0
272.0
272.0
272.0
272.0
272.0
272.0
272.0
272.0
272.0
272.0
272.0
272.0
272.0
272.0
272.0
272.0
272.0
272.0
274.0
274.0
274.0
277.0
277.0
277.0
280.0
280.0
280.0
283.0
283.0
286.0
286.0
286.0
289.0
289.0
289.0
292.0
292.0
292.0
292.0
292.0
292.0
292.0
292.0
292.0
292.0
292.0
292.0
292.0
292.0
292.0
292.0
292.0
292.0
294.0
294.0
294.0
297.0
297.0
297.0
300.0
300.0
300.0
303.0
303.0
305.0
305.0
305.0
304.0
304.0
304.0
301.0
301.0
301.0
298.0
298.0
298.0
295.0
295.0
295.0
292.0
292.0
292.0
289.0
289.0
289.0
286.0
286.0
286.0
283.0
283.0
283.0
280.0
280.0
280.0
277.0
277.0
277.0
274.0
274.0
274.0
