0.0
0.0
0.0
0.0
0.0
0.0
0.0
0.0
0.0
0.0
0.0
0.0
0.0
0.0
0.0
0.0
0.0
0.0
0.0
0.0
0.0
0.0
0.0
0.0
0.0
0.0
0.0
0.0
0.0
0.0
0.0
0.0
0.0
0.0
0.0
0.0
0.0
0.0
0.0
0.0
0.0
0.0
0.0
0.0
0.0
0.0
0.0
0.0
0.0
0.0
0.0
0.0
0.0
0.0
0.0
0.0
0.0
0.0
0.0
0.0
0.0
0.0
0.0
0.0
0.0
0.0
0.0
0.0
0.0
0.0
0.0
0.0
0.0
0.0
0.0
0.0
0.0
0.0
0.0
0.0
0.0
0.0
0.0
0.0
0.0
0.0
0.0
0.0
0.0
0.0
0.0
0.0
0.0
0.0
0.0
3.0
3.0
3.0
4.0
4.0
4.0
4.0
4.0
4.0
5.0
5.0
5.0
6.0
6.0
6.0
6.0
6.0
6.0
7.0
7.0
7.0
10.0
10.0
10.0
13.0
13.0
13.0
14.0
14.0
14.0
16.0
16.0
16.0
19.0
19.0
19.0
22.0
22.0
22.0
25.0
25.0
25.0
28.0
28.0
28.0
31.0
31.0
31.0
34.0
34.0
34.0
37.0
37.0
37.0
40.0
40.0
40.0
43.0
43.0
43.0
46.0
46.0
46.0
49.0
49.0
49.0
51.0
51.0
51.0
54.0
54.0
54.0
57.0
57.0
57.0
60.0
60.0
60.0
63.0
63.0
63.0
66.0
66.0
66.0
67.0
67.0
67.0
70.0
70.0
70.0
73.0
73.0
73.0
76.0
76.0
76.0
79.0
79.0
79.0
82.0
82.0
82.0
83.0
83.0
83.0
83.0
83.0
83.0
83.0
83.0
83.0
83.0
83.0
83.0
83.0
83.0
83.0
83.0
83.0
83.0
83.0
83.0
83.0
83.0
83.0
83.0
83.0
83.0
83.0
83.0
83.0
83.0
83.0
83.0
83.0
83.0
83.0
83.0
83.0
83.0
83.0
83.0
83.0
83.0
83.0
83.0
83.0
83.0
83.0
83.0
83.0
83.0
83.0
83.0
83.0
83.0
83.0
83.0
83.0
83.0
83.0
83.0
83.0
83.0
83.0
83.0
83.0
83.0
83.0
83.0
83.0
83.0
83.0
83.0
83.0
83.0
83.0
83.0
83.0
83.0
83.0
83.0
83.0
83.0
83.0
83.0
80.0
80.0
80.0
78.0
78.0
78.0
78.0
78.0
78.0
76.0
76.0
76.0
73.0
73.0
73.0
72.0
72.0
72.0
72.0
72.0
72.0
75.0
75.0
75.0
78.0
78.0
78.0
81.0
81.0
81.0
84.0
84.0
84.0
87.0
87.0
87.0
88.0
88.0
88.0
88.0
88.0
88.0
91.0
91.0
91.0
94.0
94.0
94.0
97.0
97.0
97.0
99.0
99.0
99.0
99.0
99.0
99.0
96.0
96.0
96.0
93.0
93.0
93.0
92.0
92.0
92.0
94.0
94.0
94.0
97.0
97.0
97.0
100.0
100.0
100.0
103.0
103.0
103.0
106.0
106.0
106.0
109.0
109.0
109.0
112.0
112.0
112.0
115.0
115.0
115.0
118.0
118.0
118.0
121.0
121.0
121.0
123.0
123.0
123.0
123.0
123.0
123.0
123.0
123.0
123.0
123.0
123.0
123.0
123.0
123.0
123.0
123.0
123.0
123.0
123.0
123.0
123.0
123.0
123.0
123.0
125.0
125.0
125.0
128.0
128.0
128.0
128.0
128.0
128.0
129.0
129.0
129.0
131.0
131.0
131.0
133.0
133.0
133.0
133.0
133.0
133.0
133.0
133.0
133.0
133.0
133.0
133.0
133.0
133.0
133.0
134.0
134.0
134.0
135.0
135.0
135.0
136.0
136.0
136.0
138.0
138.0
138.0
139.0
139.0
139.0
140.0
140.0
140.0
140.0
140.0
140.0
140.0
140.0
140.0
141.0
141.0
141.0
142.0
142.0
142.0
142.0
142.0
142.0
142.0
142.0
142.0
142.0
142.0
142.0
143.0
143.0
143.0
145.0
145.0
145.0
146.0
146.0
146.0
147.0
147.0
147.0
147.0
147.0
147.0
147.0
147.0
147.0
147.0
147.0
147.0
147.0
147.0
147.0
147.0
147.0
147.0
149.0
149.0
149.0
150.0
150.0
150.0
151.0
151.0
151.0
152.0
152.0
152.0
