0.0
0.0
0.0
0.0
0.0
0.0
0.0
0.0
0.0
0.0
0.0
0.0
0.0
0.0
0.0
0.0
0.0
0.0
0.0
0.0
0.0
0.0
0.0
0.0
0.0
0.0
0.0
0.0
0.0
0.0
0.0
0.0
0.0
0.0
0.0
0.0
0.0
0.0
0.0
0.0
0.0
0.0
0.0
0.0
0.0
0.0
0.0
0.0
0.0
0.0
0.0
0.0
0.0
0.0
0.0
0.0
0.0
0.0
0.0
0.0
0.0
0.0
0.0
0.0
0.0
0.0
0.0
0.0
0.0
0.0
0.0
0.0
0.0
0.0
0.0
0.0
0.0
0.0
0.0
0.0
0.0
0.0
0.0
0.0
0.0
0.0
0.0
0.0
0.0
0.0
0.0
0.0
0.0
0.0
0.0
0.0
0.0
0.0
0.0
0.0
0.0
0.0
0.0
0.0
0.0
0.0
-2.0
-2.0
-4.0
-4.0
-6.0
-6.0
-7.0
-9.0
-9.0
-10.0
-10.0
-11.0
-12.0
-12.0
-13.0
-13.0
-15.0
-15.0
-17.0
-19.0
-19.0
-21.0
-21.0
-22.0
-22.0
-24.0
-26.0
-26.0
-28.0
-28.0
-30.0
-32.0
-32.0
-33.0
-33.0
-34.0
-34.0
-35.0
-36.0
-36.0
-37.0
-37.0
-39.0
-40.0
-40.0
-42.0
-42.0
-44.0
-44.0
-46.0
-48.0
-48.0
-50.0
-50.0
-52.0
-52.0
-54.0
-56.0
-56.0
-57.0
-57.0
-59.0
-61.0
-61.0
-63.0
-63.0
-65.0
-65.0
-67.0
-69.0
-69.0
-71.0
-71.0
-73.0
-73.0
