0.0
0.0
0.0
0.0
0.0
0.0
0.0
0.0
0.0
0.0
0.0
0.0
0.0
0.0
0.0
0.0
0.0
0.0
0.0
0.0
0.0
0.0
0.0
0.0
0.0
0.0
0.0
0.0
0.0
0.0
0.0
0.0
0.0
0.0
0.0
0.0
0.0
0.0
0.0
0.0
0.0
0.0
0.0
0.0
0.0
0.0
0.0
0.0
0.0
0.0
0.0
0.0
0.0
0.0
0.0
0.0
0.0
0.0
0.0
0.0
0.0
0.0
0.0
0.0
0.0
0.0
0.0
0.0
0.0
0.0
0.0
0.0
0.0
0.0
0.0
0.0
0.0
0.0
0.0
0.0
0.0
0.0
0.0
0.0
0.0
0.0
0.0
0.0
0.0
0.0
0.0
0.0
0.0
0.0
0.0
0.0
0.0
0.0
0.0
0.0
0.0
0.0
0.0
0.0
3.0
3.0
3.0
6.0
6.0
6.0
9.0
9.0
9.0
12.0
12.0
12.0
15.0
15.0
15.0
18.0
18.0
18.0
21.0
21.0
21.0
24.0
24.0
24.0
27.0
27.0
27.0
30.0
30.0
30.0
33.0
33.0
33.0
36.0
36.0
36.0
39.0
39.0
39.0
42.0
42.0
42.0
45.0
45.0
45.0
48.0
48.0
48.0
51.0
51.0
51.0
54.0
54.0
54.0
57.0
57.0
57.0
60.0
60.0
60.0
63.0
63.0
63.0
66.0
66.0
66.0
69.0
69.0
69.0
72.0
72.0
72.0
75.0
75.0
75.0
78.0
78.0
78.0
79.0
79.0
79.0
79.0
79.0
79.0
79.0
79.0
79.0
79.0
79.0
79.0
79.0
79.0
79.0
79.0
79.0
79.0
79.0
79.0
79.0
79.0
79.0
79.0
79.0
79.0
79.0
79.0
79.0
79.0
79.0
79.0
79.0
79.0
79.0
79.0
79.0
79.0
79.0
79.0
79.0
79.0
79.0
79.0
79.0
79.0
79.0
79.0
79.0
79.0
79.0
79.0
79.0
79.0
79.0
79.0
79.0
79.0
79.0
79.0
79.0
79.0
79.0
79.0
79.0
79.0
79.0
79.0
79.0
79.0
79.0
79.0
79.0
79.0
79.0
79.0
79.0
79.0
79.0
79.0
79.0
79.0
79.0
79.0
79.0
79.0
79.0
79.0
79.0
79.0
79.0
79.0
79.0
79.0
79.0
79.0
79.0
79.0
79.0
79.0
79.0
79.0
79.0
79.0
79.0
79.0
79.0
79.0
79.0
79.0
79.0
79.0
79.0
79.0
79.0
79.0
79.0
79.0
79.0
79.0
82.0
82.0
82.0
85.0
85.0
85.0
88.0
88.0
91.0
91.0
91.0
94.0
94.0
94.0
97.0
97.0
97.0
100.0
100.0
100.0
103.0
103.0
103.0
106.0
106.0
106.0
109.0
109.0
109.0
112.0
112.0
112.0
113.0
113.0
113.0
113.0
113.0
113.0
113.0
113.0
113.0
113.0
113.0
113.0
113.0
113.0
113.0
113.0
113.0
113.0
113.0
113.0
113.0
113.0
113.0
113.0
113.0
113.0
113.0
113.0
113.0
113.0
113.0
113.0
113.0
113.0
113.0
113.0
113.0
113.0
113.0
113.0
113.0
113.0
113.0
113.0
113.0
113.0
113.0
113.0
113.0
113.0
113.0
113.0
113.0
113.0
113.0
113.0
113.0
113.0
113.0
113.0
113.0
113.0
113.0
113.0
113.0
113.0
113.0
113.0
113.0
113.0
113.0
113.0
113.0
113.0
113.0
116.0
116.0
116.0
119.0
119.0
119.0
122.0
122.0
122.0
125.0
125.0
125.0
128.0
128.0
128.0
131.0
131.0
131.0
134.0
134.0
134.0
137.0
137.0
137.0
140.0
140.0
140.0
143.0
143.0
143.0
146.0
146.0
146.0
149.0
149.0
149.0
152.0
152.0
152.0
155.0
155.0
155.0
158.0
158.0
158.0
161.0
161.0
161.0
164.0
164.0
164.0
167.0
167.0
167.0
170.0
170.0
170.0
173.0
173.0
173.0
173.0
173.0
173.0
173.0
173.0
173.0
173.0
173.0
173.0
176.0
176.0
176.0
178.0
178.0
178.0
178.0
178.0
178.0
178.0
178.0
178.0
178.0
178.0
178.0
178.0
178.0
178.0
178.0
178.0
178.0
178.0
178.0
178.0
178.0
178.0
178.0
178.0
178.0
178.0
178.0
178.0
178.0
178.0
178.0
178.0
178.0
178.0
178.0
178.0
178.0
178.0
178.0
178.0
178.0
178.0
178.0
178.0
178.0
178.0
178.0
178.0
178.0
178.0
178.0
178.0
178.0
178.0
178.0
178.0
178.0
178.0
178.0
178.0
178.0
178.0
178.0
178.0
178.0
178.0
178.0
178.0
178.0
178.0
178.0
178.0
178.0
178.0
178.0
178.0
178.0
181.0
181.0
181.0
184.0
184.0
184.0
187.0
187.0
187.0
190.0
190.0
190.0
193.0
193.0
193.0
196.0
196.0
196.0
199.0
199.0
199.0
202.0
202.0
202.0
205.0
205.0
205.0
208.0
208.0
208.0
211.0
211.0
211.0
214.0
214.0
214.0
217.0
217.0
217.0
220.0
220.0
220.0
223.0
223.0
223.0
226.0
226.0
226.0
229.0
229.0
229.0
232.0
232.0
232.0
235.0
235.0
235.0
