0.0
0.0
0.0
0.0
0.0
0.0
0.0
0.0
0.0
0.0
0.0
0.0
0.0
0.0
0.0
0.0
0.0
0.0
0.0
0.0
0.0
0.0
0.0
0.0
0.0
0.0
0.0
0.0
0.0
0.0
0.0
0.0
0.0
0.0
0.0
0.0
0.0
0.0
0.0
0.0
0.0
0.0
0.0
0.0
0.0
0.0
0.0
0.0
0.0
0.0
0.0
0.0
0.0
0.0
0.0
0.0
0.0
0.0
0.0
0.0
0.0
0.0
0.0
0.0
0.0
0.0
0.0
0.0
0.0
0.0
0.0
0.0
0.0
0.0
0.0
0.0
0.0
0.0
0.0
0.0
0.0
0.0
0.0
0.0
0.0
0.0
0.0
0.0
0.0
0.0
0.0
0.0
0.0
0.0
0.0
0.0
0.0
0.0
0.0
0.0
0.0
0.0
0.0
0.0
0.0
0.0
0.0
0.0
0.0
0.0
0.0
0.0
0.0
0.0
0.0
0.0
0.0
0.0
0.0
0.0
0.0
0.0
0.0
0.0
0.0
0.0
0.0
0.0
0.0
0.0
0.0
0.0
0.0
0.0
0.0
0.0
0.0
0.0
0.0
0.0
0.0
0.0
0.0
0.0
0.0
0.0
0.0
0.0
0.0
0.0
0.0
0.0
0.0
0.0
0.0
0.0
0.0
0.0
0.0
0.0
0.0
0.0
0.0
0.0
0.0
0.0
0.0
0.0
0.0
0.0
0.0
0.0
0.0
0.0
0.0
0.0
0.0
0.0
0.0
0.0
0.0
0.0
0.0
0.0
0.0
0.0
0.0
0.0
0.0
0.0
0.0
0.0
0.0
0.0
2.0
2.0
2.0
5.0
5.0
5.0
8.0
8.0
8.0
11.0
11.0
11.0
13.0
13.0
13.0
13.0
13.0
13.0
13.0
13.0
13.0
13.0
13.0
13.0
13.0
13.0
13.0
13.0
13.0
13.0
13.0
13.0
13.0
13.0
13.0
13.0
15.0
15.0
15.0
18.0
18.0
18.0
21.0
21.0
21.0
24.0
24.0
24.0
25.0
25.0
25.0
26.0
26.0
26.0
29.0
29.0
29.0
31.0
31.0
31.0
31.0
31.0
31.0
31.0
31.0
31.0
31.0
31.0
31.0
31.0
31.0
31.0
31.0
31.0
31.0
31.0
31.0
31.0
31.0
31.0
31.0
31.0
31.0
31.0
31.0
31.0
31.0
31.0
31.0
31.0
31.0
31.0
31.0
31.0
31.0
31.0
31.0
31.0
31.0
31.0
31.0
31.0
31.0
31.0
31.0
31.0
31.0
31.0
31.0
31.0
31.0
31.0
31.0
31.0
31.0
31.0
31.0
31.0
31.0
31.0
31.0
31.0
31.0
31.0
31.0
31.0
31.0
31.0
31.0
31.0
31.0
31.0
31.0
31.0
31.0
31.0
31.0
31.0
31.0
31.0
31.0
31.0
31.0
31.0
31.0
31.0
31.0
31.0
31.0
31.0
31.0
31.0
31.0
31.0
31.0
31.0
31.0
31.0
31.0
31.0
31.0
31.0
31.0
31.0
31.0
31.0
31.0
31.0
31.0
31.0
31.0
31.0
31.0
31.0
31.0
31.0
31.0
31.0
31.0
31.0
31.0
31.0
31.0
31.0
31.0
31.0
31.0
31.0
31.0
31.0
31.0
31.0
31.0
31.0
31.0
31.0
31.0
31.0
31.0
31.0
31.0
31.0
31.0
31.0
31.0
31.0
31.0
31.0
31.0
31.0
31.0
31.0
31.0
31.0
31.0
31.0
31.0
31.0
31.0
31.0
31.0
31.0
31.0
31.0
31.0
31.0
31.0
31.0
31.0
31.0
31.0
31.0
31.0
31.0
31.0
31.0
31.0
31.0
31.0
31.0
31.0
31.0
31.0
31.0
31.0
31.0
31.0
31.0
31.0
31.0
31.0
31.0
31.0
31.0
31.0
31.0
31.0
31.0
31.0
31.0
31.0
31.0
31.0
31.0
31.0
31.0
31.0
31.0
31.0
31.0
31.0
31.0
31.0
30.0
30.0
30.0
27.0
27.0
27.0
24.0
24.0
24.0
22.0
22.0
22.0
19.0
19.0
19.0
16.0
16.0
16.0
13.0
13.0
13.0
10.0
10.0
10.0
7.0
7.0
7.0
4.0
4.0
4.0
1.0
1.0
1.0
-2.0
-2.0
-2.0
-5.0
-5.0
-5.0
-8.0
-8.0
-8.0
-11.0
-11.0
-11.0
-14.0
-14.0
-14.0
-17.0
-17.0
-17.0
-20.0
-20.0
-20.0
-23.0
-23.0
-23.0
-26.0
-26.0
-26.0
-29.0
-29.0
-29.0
-32.0
-32.0
-32.0
-35.0
-35.0
-35.0
-38.0
-38.0
-38.0
-41.0
-41.0
-41.0
-44.0
-44.0
-44.0
-47.0
-47.0
-47.0
-50.0
-50.0
-50.0
-53.0
-53.0
-53.0
-56.0
-56.0
-56.0
-59.0
-59.0
-59.0
-62.0
-62.0
-62.0
-65.0
-65.0
-65.0
-68.0
-68.0
-68.0
-71.0
-71.0
-71.0
-73.0
-73.0
-73.0
-73.0
-73.0
-73.0
-73.0
-73.0
-73.0
-73.0
-73.0
-73.0
-73.0
-73.0
-73.0
-73.0
-73.0
-73.0
-73.0
-73.0
-73.0
-73.0
-73.0
-73.0
-73.0
-73.0
-73.0
-73.0
-73.0
-73.0
-73.0
-73.0
-73.0
-73.0
-73.0
-73.0
-73.0
-73.0
-73.0
-73.0
-73.0
-73.0
-73.0
-73.0
-73.0
-73.0
-73.0
-73.0
-73.0
-73.0
-73.0
-73.0
-73.0
-73.0
-73.0
-73.0
-73.0
-73.0
-73.0
-73.0
-73.0
-73.0
-73.0
-73.0
-73.0
-73.0
-73.0
-73.0
-73.0
-76.0
-76.0
-76.0
-79.0
-79.0
-79.0
-79.0
-79.0
-79.0
-79.0
-79.0
-79.0
-81.0
-81.0
-81.0
-84.0
-84.0
-84.0
-86.0
-86.0
-86.0
-86.0
-86.0
-86.0
-87.0
-87.0
-87.0
-90.0
-90.0
-90.0
-93.0
-93.0
-93.0
-96.0
-96.0
-96.0
-99.0
-99.0
-99.0
-102.0
-102.0
-102.0
-104.0
-104.0
-104.0
-104.0
-104.0
-104.0
-104.0
-104.0
-104.0
-104.0
-104.0
-104.0
-104.0
-104.0
-104.0
-104.0
-104.0
-104.0
-104.0
-104.0
-104.0
-104.0
-104.0
-104.0
-104.0
-104.0
-104.0
-104.0
-104.0
-104.0
-104.0
-104.0
-104.0
-104.0
-104.0
-104.0
-104.0
-104.0
-104.0
-104.0
-104.0
-104.0
-104.0
-104.0
-104.0
-104.0
-104.0
-104.0
-104.0
-104.0
-104.0
-104.0
-104.0
-104.0
-104.0
-104.0
-104.0
-104.0
-104.0
-104.0
-104.0
-104.0
-104.0
-104.0
-104.0
-104.0
-104.0
-104.0
-104.0
-104.0
-104.0
-104.0
-104.0
-104.0
-104.0
-104.0
-104.0
-104.0
-104.0
-104.0
-104.0
-104.0
-104.0
-104.0
-104.0
-104.0
-104.0
-104.0
-104.0
-104.0
-104.0
-104.0
-104.0
-104.0
-104.0
-104.0
-104.0
-104.0
-104.0
-104.0
-104.0
-104.0
-104.0
-104.0
-104.0
-104.0
-104.0
-104.0
-104.0
-104.0
-104.0
-104.0
-104.0
-104.0
-104.0
-104.0
-104.0
-104.0
-104.0
-104.0
-104.0
-104.0
-104.0
-105.0
-105.0
-105.0
-108.0
-108.0
-108.0
-111.0
-111.0
-111.0
-114.0
-114.0
-114.0
-117.0
-117.0
-117.0
-120.0
-120.0
-120.0
-123.0
-123.0
-123.0
-126.0
-126.0
-126.0
-129.0
-129.0
-129.0
-132.0
-132.0
-132.0
-135.0
-135.0
-135.0
-138.0
-138.0
-138.0
-141.0
-141.0
-141.0
-144.0
-144.0
-144.0
-147.0
-147.0
-147.0
-150.0
-150.0
-150.0
-153.0
-153.0
-153.0
-156.0
-156.0
-156.0
-159.0
-159.0
-159.0
-162.0
-162.0
-162.0
-165.0
-165.0
-165.0
-168.0
-168.0
-168.0
-171.0
-171.0
-171.0
-174.0
-174.0
-174.0
-177.0
-177.0
-177.0
-180.0
-180.0
-180.0
-183.0
-183.0
-183.0
-186.0
-186.0
-186.0
-189.0
-189.0
-189.0
-192.0
-192.0
-192.0
-195.0
-195.0
-195.0
-198.0
-198.0
-198.0
-201.0
-201.0
-201.0
-204.0
-204.0
-204.0
-205.0
-205.0
-205.0
