0.0
0.0
0.0
0.0
0.0
0.0
0.0
0.0
0.0
0.0
0.0
0.0
0.0
0.0
0.0
0.0
0.0
0.0
0.0
0.0
0.0
0.0
0.0
0.0
0.0
0.0
0.0
0.0
0.0
0.0
0.0
0.0
0.0
0.0
0.0
0.0
0.0
0.0
0.0
0.0
0.0
0.0
0.0
0.0
0.0
0.0
0.0
0.0
0.0
0.0
0.0
0.0
0.0
0.0
0.0
0.0
0.0
0.0
0.0
0.0
0.0
0.0
0.0
0.0
0.0
0.0
0.0
0.0
0.0
0.0
0.0
0.0
0.0
0.0
0.0
0.0
0.0
0.0
0.0
0.0
0.0
0.0
0.0
0.0
0.0
0.0
0.0
0.0
0.0
0.0
0.0
0.0
0.0
0.0
0.0
0.0
0.0
0.0
0.0
0.0
0.0
0.0
0.0
0.0
0.0
0.0
0.0
0.0
0.0
0.0
0.0
0.0
0.0
0.0
0.0
0.0
0.0
0.0
0.0
0.0
0.0
0.0
0.0
0.0
0.0
2.0
2.0
2.0
5.0
5.0
5.0
8.0
8.0
8.0
11.0
11.0
11.0
14.0
14.0
14.0
17.0
17.0
17.0
20.0
20.0
20.0
23.0
23.0
23.0
26.0
26.0
26.0
29.0
29.0
29.0
32.0
32.0
35.0
35.0
35.0
38.0
38.0
38.0
41.0
41.0
41.0
42.0
42.0
42.0
42.0
42.0
42.0
42.0
42.0
42.0
42.0
42.0
42.0
42.0
42.0
42.0
42.0
42.0
42.0
42.0
42.0
42.0
42.0
42.0
42.0
42.0
42.0
42.0
42.0
42.0
42.0
44.0
44.0
44.0
47.0
47.0
47.0
50.0
50.0
50.0
53.0
53.0
53.0
56.0
56.0
56.0
59.0
59.0
59.0
62.0
62.0
62.0
65.0
65.0
65.0
68.0
68.0
68.0
71.0
71.0
71.0
74.0
74.0
74.0
77.0
77.0
77.0
80.0
80.0
80.0
83.0
83.0
83.0
86.0
86.0
86.0
89.0
89.0
89.0
92.0
92.0
92.0
95.0
95.0
95.0
98.0
98.0
98.0
101.0
101.0
101.0
104.0
104.0
104.0
107.0
107.0
107.0
110.0
110.0
110.0
113.0
113.0
113.0
116.0
116.0
116.0
119.0
119.0
119.0
122.0
122.0
122.0
125.0
125.0
125.0
128.0
128.0
128.0
131.0
131.0
131.0
132.0
132.0
132.0
132.0
132.0
132.0
132.0
132.0
132.0
132.0
132.0
132.0
132.0
132.0
132.0
132.0
132.0
132.0
132.0
132.0
132.0
132.0
132.0
132.0
132.0
132.0
132.0
132.0
132.0
132.0
132.0
132.0
132.0
132.0
132.0
132.0
132.0
132.0
132.0
132.0
132.0
132.0
132.0
132.0
132.0
132.0
132.0
132.0
132.0
132.0
132.0
132.0
132.0
132.0
132.0
132.0
132.0
132.0
132.0
132.0
132.0
132.0
132.0
132.0
132.0
132.0
132.0
132.0
132.0
132.0
132.0
132.0
132.0
132.0
132.0
132.0
132.0
132.0
132.0
132.0
132.0
132.0
132.0
132.0
132.0
132.0
132.0
132.0
132.0
134.0
134.0
134.0
137.0
137.0
137.0
140.0
140.0
140.0
143.0
143.0
143.0
146.0
146.0
146.0
149.0
149.0
149.0
152.0
152.0
152.0
155.0
155.0
155.0
158.0
158.0
158.0
161.0
161.0
161.0
164.0
164.0
164.0
166.0
166.0
166.0
169.0
169.0
169.0
172.0
172.0
172.0
174.0
174.0
174.0
174.0
174.0
174.0
174.0
174.0
174.0
174.0
174.0
174.0
174.0
174.0
174.0
174.0
174.0
174.0
174.0
174.0
174.0
174.0
174.0
174.0
174.0
174.0
174.0
174.0
174.0
174.0
174.0
174.0
174.0
174.0
174.0
174.0
174.0
174.0
174.0
174.0
174.0
174.0
174.0
174.0
174.0
174.0
174.0
174.0
174.0
174.0
174.0
174.0
174.0
174.0
174.0
174.0
174.0
174.0
174.0
174.0
174.0
174.0
174.0
174.0
174.0
174.0
174.0
174.0
174.0
174.0
174.0
174.0
174.0
174.0
174.0
174.0
174.0
174.0
174.0
174.0
174.0
174.0
174.0
174.0
174.0
174.0
174.0
174.0
174.0
174.0
174.0
174.0
174.0
174.0
174.0
174.0
174.0
174.0
174.0
174.0
174.0
174.0
174.0
174.0
174.0
174.0
174.0
174.0
174.0
174.0
174.0
174.0
174.0
174.0
174.0
174.0
174.0
174.0
174.0
174.0
174.0
174.0
174.0
174.0
174.0
174.0
174.0
174.0
174.0
174.0
174.0
174.0
174.0
174.0
174.0
174.0
174.0
174.0
174.0
174.0
174.0
174.0
174.0
174.0
174.0
174.0
174.0
174.0
174.0
174.0
174.0
174.0
174.0
174.0
174.0
174.0
174.0
174.0
174.0
174.0
174.0
174.0
174.0
174.0
174.0
174.0
174.0
174.0
174.0
174.0
172.0
172.0
172.0
169.0
169.0
169.0
166.0
166.0
166.0
163.0
163.0
163.0
160.0
160.0
160.0
157.0
157.0
157.0
154.0
154.0
154.0
151.0
151.0
151.0
148.0
148.0
148.0
145.0
145.0
145.0
142.0
142.0
142.0
139.0
139.0
139.0
136.0
136.0
136.0
133.0
133.0
130.0
130.0
130.0
129.0
129.0
129.0
129.0
129.0
129.0
129.0
129.0
129.0
129.0
129.0
129.0
129.0
129.0
129.0
129.0
129.0
129.0
129.0
129.0
129.0
129.0
129.0
129.0
129.0
129.0
129.0
129.0
129.0
129.0
129.0
129.0
129.0
129.0
129.0
129.0
129.0
129.0
129.0
129.0
129.0
129.0
129.0
129.0
129.0
129.0
129.0
129.0
129.0
129.0
129.0
129.0
129.0
129.0
129.0
129.0
129.0
129.0
129.0
129.0
129.0
129.0
129.0
129.0
129.0
129.0
129.0
129.0
129.0
126.0
126.0
126.0
123.0
123.0
123.0
120.0
120.0
120.0
117.0
117.0
117.0
114.0
114.0
114.0
111.0
111.0
111.0
108.0
108.0
108.0
105.0
105.0
105.0
103.0
103.0
103.0
100.0
100.0
100.0
97.0
97.0
97.0
94.0
94.0
94.0
91.0
91.0
91.0
88.0
88.0
88.0
85.0
85.0
85.0
82.0
82.0
82.0
79.0
79.0
79.0
76.0
76.0
76.0
73.0
73.0
73.0
70.0
70.0
70.0
67.0
67.0
67.0
64.0
64.0
64.0
61.0
61.0
61.0
58.0
58.0
58.0
55.0
55.0
55.0
52.0
52.0
52.0
49.0
49.0
49.0
46.0
46.0
46.0
43.0
43.0
40.0
40.0
40.0
37.0
37.0
37.0
34.0
34.0
34.0
31.0
31.0
31.0
28.0
28.0
28.0
25.0
25.0
25.0
22.0
22.0
22.0
19.0
19.0
19.0
16.0
16.0
16.0
13.0
13.0
13.0
10.0
10.0
10.0
9.0
9.0
9.0
9.0
9.0
9.0
9.0
9.0
9.0
9.0
9.0
9.0
9.0
9.0
9.0
9.0
9.0
9.0
9.0
9.0
9.0
9.0
9.0
9.0
9.0
9.0
9.0
9.0
9.0
9.0
9.0
9.0
9.0
9.0
9.0
9.0
8.0
8.0
8.0
5.0
5.0
5.0
2.0
2.0
2.0
-1.0
-1.0
-1.0
-4.0
-4.0
-4.0
-7.0
-7.0
-7.0
-10.0
-10.0
-10.0
-13.0
-13.0
-13.0
-16.0
-16.0
-16.0
-19.0
-19.0
-19.0
-22.0
-22.0
-22.0
-25.0
-25.0
-25.0
-26.0
-26.0
-26.0
-26.0
-26.0
-26.0
-26.0
-26.0
-26.0
-26.0
-26.0
-26.0
-26.0
-26.0
-26.0
-26.0
-26.0
-26.0
-26.0
-26.0
-26.0
-26.0
-26.0
-26.0
-26.0
-26.0
-26.0
-26.0
-26.0
-26.0
-26.0
-26.0
-26.0
-26.0
-26.0
-26.0
-26.0
-26.0
-26.0
-26.0
-26.0
-26.0
-26.0
-26.0
-26.0
-26.0
-26.0
-26.0
-26.0
-26.0
-26.0
-24.0
-24.0
-21.0
-21.0
-21.0
-18.0
-18.0
-18.0
-16.0
-16.0
-16.0
-13.0
-13.0
-13.0
-10.0
-10.0
-10.0
-7.0
-7.0
-7.0
-4.0
-4.0
-4.0
-1.0
-1.0
-1.0
2.0
2.0
2.0
5.0
5.0
5.0
8.0
8.0
8.0
11.0
11.0
11.0
14.0
14.0
14.0
17.0
17.0
17.0
20.0
20.0
20.0
23.0
23.0
23.0
26.0
26.0
26.0
29.0
29.0
29.0
32.0
32.0
32.0
35.0
35.0
35.0
38.0
38.0
38.0
39.0
39.0
39.0
39.0
39.0
39.0
39.0
39.0
39.0
39.0
39.0
39.0
39.0
39.0
39.0
39.0
39.0
39.0
39.0
39.0
39.0
39.0
39.0
39.0
39.0
39.0
39.0
39.0
39.0
39.0
39.0
39.0
39.0
39.0
39.0
39.0
39.0
39.0
39.0
39.0
39.0
39.0
39.0
39.0
39.0
39.0
39.0
39.0
38.0
38.0
38.0
35.0
35.0
35.0
32.0
32.0
32.0
29.0
29.0
29.0
26.0
26.0
26.0
23.0
23.0
23.0
20.0
20.0
20.0
17.0
17.0
17.0
14.0
14.0
14.0
11.0
11.0
11.0
8.0
8.0
8.0
5.0
5.0
5.0
2.0
2.0
2.0
-1.0
-1.0
-1.0
-4.0
-4.0
-4.0
-7.0
-7.0
-10.0
-10.0
-10.0
-13.0
-13.0
-13.0
-16.0
-16.0
-16.0
-19.0
-19.0
-19.0
-21.0
-21.0
-21.0
-21.0
-21.0
-21.0
-21.0
-21.0
-21.0
-21.0
-21.0
-21.0
-21.0
-21.0
-21.0
-21.0
-21.0
-21.0
-21.0
-21.0
-21.0
-21.0
-21.0
-21.0
-21.0
-21.0
-21.0
-21.0
-21.0
-21.0
-21.0
-21.0
-21.0
-21.0
-21.0
-21.0
-21.0
-21.0
-21.0
-21.0
-21.0
-21.0
-21.0
-21.0
-21.0
-21.0
-21.0
-21.0
-21.0
-21.0
-21.0
-21.0
-21.0
-21.0
-21.0
-21.0
-21.0
-21.0
-21.0
-21.0
-21.0
-21.0
-21.0
-21.0
-21.0
-21.0
-21.0
-21.0
-21.0
-21.0
-21.0
-21.0
-21.0
-21.0
-21.0
-21.0
-21.0
-21.0
-21.0
-21.0
-21.0
-21.0
-21.0
-21.0
-21.0
-21.0
-21.0
-21.0
-21.0
-21.0
-21.0
-21.0
-21.0
-21.0
-21.0
-21.0
-21.0
-21.0
-21.0
-21.0
-21.0
-21.0
-20.0
-20.0
-20.0
-17.0
-17.0
-17.0
-14.0
-14.0
-14.0
-11.0
-11.0
-11.0
-8.0
-8.0
-8.0
-5.0
-5.0
-5.0
-2.0
-2.0
-2.0
1.0
1.0
1.0
4.0
4.0
4.0
7.0
7.0
7.0
10.0
10.0
10.0
13.0
13.0
13.0
16.0
16.0
16.0
19.0
19.0
19.0
