0.0
0.0
0.0
0.0
0.0
0.0
0.0
0.0
0.0
0.0
0.0
0.0
0.0
0.0
0.0
0.0
0.0
0.0
0.0
0.0
0.0
0.0
0.0
0.0
0.0
0.0
0.0
0.0
0.0
0.0
0.0
0.0
0.0
0.0
0.0
0.0
0.0
0.0
0.0
0.0
0.0
0.0
0.0
0.0
0.0
0.0
0.0
0.0
0.0
0.0
0.0
0.0
0.0
0.0
0.0
0.0
0.0
0.0
0.0
0.0
0.0
0.0
0.0
0.0
0.0
0.0
0.0
0.0
0.0
0.0
0.0
0.0
0.0
0.0
0.0
0.0
0.0
0.0
0.0
0.0
0.0
0.0
0.0
0.0
0.0
0.0
0.0
0.0
0.0
0.0
0.0
0.0
0.0
0.0
0.0
0.0
0.0
0.0
0.0
0.0
0.0
0.0
0.0
0.0
0.0
0.0
0.0
0.0
0.0
0.0
0.0
0.0
0.0
0.0
0.0
0.0
0.0
0.0
0.0
0.0
0.0
0.0
0.0
0.0
0.0
0.0
0.0
0.0
0.0
0.0
0.0
0.0
0.0
0.0
0.0
0.0
0.0
0.0
0.0
0.0
0.0
0.0
0.0
0.0
0.0
0.0
0.0
0.0
0.0
0.0
0.0
0.0
0.0
0.0
0.0
0.0
0.0
0.0
0.0
0.0
0.0
0.0
0.0
0.0
0.0
0.0
0.0
0.0
0.0
0.0
0.0
0.0
0.0
0.0
0.0
0.0
0.0
0.0
0.0
0.0
0.0
0.0
0.0
0.0
0.0
0.0
0.0
0.0
0.0
0.0
0.0
0.0
0.0
0.0
0.0
0.0
0.0
0.0
0.0
0.0
0.0
0.0
0.0
0.0
0.0
0.0
0.0
0.0
0.0
0.0
0.0
0.0
0.0
0.0
0.0
0.0
0.0
0.0
0.0
0.0
0.0
0.0
0.0
0.0
0.0
0.0
0.0
0.0
0.0
0.0
0.0
0.0
0.0
0.0
0.0
0.0
0.0
0.0
0.0
0.0
0.0
0.0
0.0
0.0
0.0
0.0
0.0
0.0
0.0
0.0
0.0
0.0
0.0
0.0
0.0
0.0
0.0
0.0
0.0
0.0
0.0
0.0
0.0
0.0
0.0
0.0
0.0
0.0
0.0
0.0
0.0
0.0
0.0
0.0
0.0
0.0
0.0
0.0
0.0
0.0
0.0
0.0
0.0
0.0
0.0
0.0
0.0
0.0
0.0
0.0
0.0
0.0
0.0
0.0
0.0
0.0
0.0
0.0
0.0
0.0
0.0
0.0
0.0
0.0
0.0
0.0
0.0
0.0
0.0
0.0
0.0
0.0
0.0
0.0
0.0
0.0
0.0
0.0
0.0
0.0
0.0
0.0
0.0
0.0
0.0
0.0
0.0
0.0
0.0
0.0
0.0
0.0
0.0
0.0
0.0
0.0
0.0
0.0
0.0
0.0
0.0
0.0
0.0
0.0
0.0
0.0
0.0
0.0
0.0
0.0
0.0
0.0
0.0
0.0
0.0
0.0
0.0
0.0
0.0
0.0
0.0
0.0
0.0
0.0
0.0
0.0
0.0
0.0
0.0
0.0
0.0
0.0
0.0
0.0
0.0
0.0
0.0
0.0
0.0
0.0
0.0
0.0
0.0
0.0
0.0
0.0
0.0
0.0
0.0
0.0
0.0
0.0
0.0
0.0
0.0
0.0
0.0
0.0
0.0
0.0
0.0
0.0
0.0
0.0
0.0
0.0
0.0
0.0
0.0
0.0
0.0
0.0
0.0
0.0
0.0
0.0
0.0
0.0
0.0
0.0
0.0
0.0
0.0
0.0
0.0
0.0
0.0
0.0
0.0
0.0
0.0
0.0
0.0
0.0
0.0
0.0
0.0
0.0
0.0
0.0
0.0
0.0
0.0
0.0
0.0
0.0
0.0
0.0
0.0
0.0
0.0
0.0
0.0
0.0
0.0
0.0
0.0
0.0
0.0
0.0
0.0
0.0
0.0
0.0
0.0
0.0
0.0
0.0
0.0
0.0
0.0
0.0
0.0
0.0
0.0
0.0
0.0
0.0
0.0
0.0
0.0
0.0
0.0
0.0
0.0
0.0
0.0
0.0
0.0
0.0
0.0
0.0
0.0
0.0
0.0
0.0
0.0
0.0
0.0
0.0
0.0
0.0
0.0
0.0
-3.0
-3.0
-3.0
-6.0
-6.0
-6.0
-9.0
-9.0
-12.0
-12.0
-12.0
-15.0
-15.0
-15.0
-17.0
-17.0
-17.0
-20.0
-20.0
-23.0
-23.0
-23.0
-26.0
-26.0
-26.0
-28.0
-28.0
-28.0
-30.0
-30.0
-32.0
-32.0
-32.0
-33.0
-33.0
-33.0
-34.0
-34.0
-34.0
-35.0
-35.0
-36.0
-36.0
-36.0
-37.0
-37.0
-37.0
-39.0
-39.0
-39.0
-40.0
-40.0
-43.0
-43.0
-43.0
-46.0
-46.0
-46.0
-49.0
-49.0
-49.0
-52.0
-52.0
-55.0
-55.0
-55.0
-58.0
-58.0
-58.0
-61.0
-61.0
-61.0
-64.0
-64.0
-67.0
-67.0
-67.0
-70.0
-70.0
-70.0
-73.0
-73.0
-73.0
-75.0
-75.0
-78.0
-78.0
-78.0
-81.0
-81.0
-81.0
-84.0
-84.0
-84.0
-87.0
-87.0
-90.0
-90.0
-90.0
-93.0
-93.0
-93.0
-96.0
-96.0
-96.0
-99.0
-99.0
-99.0
-102.0
-102.0
-105.0
-105.0
-105.0
-108.0
-108.0
-108.0
-111.0
-111.0
-111.0
-114.0
-114.0
-117.0
-117.0
-117.0
-120.0
-120.0
-120.0
-123.0
-123.0
-123.0
-126.0
-126.0
-129.0
-129.0
-129.0
-132.0
-132.0
-132.0
-135.0
-135.0
-135.0
-138.0
-138.0
-141.0
-141.0
-141.0
-144.0
-144.0
-144.0
-147.0
-147.0
-147.0
-150.0
-150.0
-153.0
-153.0
-153.0
-156.0
-156.0
-156.0
-159.0
-159.0
-159.0
-162.0
-162.0
-165.0
-165.0
-165.0
-165.0
-165.0
-165.0
-165.0
-165.0
-165.0
-165.0
-165.0
-165.0
-165.0
-165.0
-165.0
-165.0
-165.0
-165.0
-165.0
-165.0
-165.0
-165.0
-165.0
-165.0
-165.0
-165.0
-165.0
-165.0
-165.0
-165.0
-165.0
-165.0
-165.0
-165.0
