0.0
0.0
0.0
0.0
0.0
0.0
0.0
0.0
0.0
0.0
0.0
0.0
0.0
0.0
0.0
0.0
0.0
0.0
0.0
0.0
0.0
0.0
0.0
0.0
0.0
0.0
0.0
0.0
0.0
0.0
0.0
0.0
0.0
0.0
0.0
0.0
0.0
0.0
0.0
0.0
0.0
0.0
0.0
0.0
0.0
0.0
0.0
0.0
0.0
0.0
0.0
0.0
0.0
0.0
0.0
0.0
0.0
0.0
0.0
0.0
0.0
0.0
0.0
0.0
0.0
0.0
0.0
0.0
0.0
0.0
0.0
0.0
0.0
0.0
0.0
0.0
0.0
0.0
0.0
0.0
0.0
0.0
0.0
0.0
0.0
0.0
0.0
0.0
0.0
0.0
0.0
0.0
0.0
0.0
0.0
0.0
0.0
0.0
0.0
0.0
0.0
0.0
0.0
0.0
0.0
0.0
0.0
0.0
0.0
0.0
0.0
0.0
0.0
0.0
0.0
0.0
0.0
0.0
0.0
0.0
0.0
0.0
0.0
0.0
0.0
0.0
0.0
0.0
0.0
0.0
0.0
0.0
0.0
0.0
0.0
0.0
0.0
0.0
0.0
0.0
0.0
0.0
0.0
0.0
0.0
0.0
0.0
0.0
0.0
0.0
0.0
0.0
0.0
0.0
0.0
0.0
0.0
0.0
1.0
1.0
1.0
4.0
4.0
4.0
7.0
7.0
7.0
10.0
10.0
10.0
13.0
13.0
13.0
13.0
13.0
13.0
13.0
13.0
13.0
13.0
13.0
13.0
15.0
15.0
15.0
16.0
16.0
16.0
16.0
16.0
16.0
16.0
16.0
16.0
16.0
16.0
16.0
16.0
16.0
16.0
16.0
16.0
16.0
16.0
16.0
16.0
16.0
16.0
16.0
16.0
16.0
16.0
16.0
16.0
16.0
16.0
16.0
16.0
16.0
16.0
16.0
16.0
16.0
16.0
16.0
16.0
16.0
16.0
16.0
16.0
16.0
16.0
16.0
16.0
16.0
16.0
16.0
16.0
16.0
16.0
16.0
19.0
19.0
19.0
20.0
20.0
20.0
23.0
23.0
23.0
26.0
26.0
26.0
29.0
29.0
29.0
32.0
32.0
32.0
35.0
35.0
35.0
38.0
38.0
38.0
41.0
41.0
41.0
41.0
41.0
41.0
41.0
41.0
41.0
41.0
41.0
41.0
41.0
41.0
41.0
41.0
41.0
41.0
41.0
41.0
41.0
42.0
42.0
42.0
45.0
45.0
45.0
48.0
48.0
48.0
48.0
48.0
48.0
48.0
48.0
48.0
49.0
49.0
49.0
51.0
51.0
51.0
51.0
51.0
51.0
51.0
51.0
51.0
51.0
51.0
51.0
51.0
51.0
51.0
51.0
51.0
51.0
51.0
51.0
51.0
51.0
51.0
51.0
51.0
51.0
51.0
51.0
51.0
51.0
51.0
51.0
51.0
51.0
51.0
51.0
51.0
51.0
51.0
51.0
51.0
51.0
51.0
51.0
51.0
51.0
51.0
51.0
51.0
51.0
51.0
51.0
51.0
51.0
51.0
51.0
51.0
51.0
51.0
51.0
53.0
53.0
53.0
56.0
56.0
56.0
59.0
59.0
59.0
62.0
62.0
62.0
65.0
65.0
65.0
68.0
68.0
68.0
71.0
71.0
71.0
74.0
74.0
74.0
75.0
75.0
75.0
75.0
75.0
75.0
75.0
75.0
75.0
75.0
75.0
75.0
75.0
75.0
75.0
75.0
75.0
75.0
75.0
75.0
75.0
75.0
75.0
75.0
75.0
75.0
75.0
75.0
75.0
75.0
75.0
75.0
75.0
75.0
75.0
75.0
75.0
75.0
75.0
75.0
75.0
75.0
75.0
75.0
75.0
75.0
75.0
75.0
75.0
75.0
75.0
75.0
75.0
75.0
75.0
75.0
75.0
75.0
75.0
75.0
75.0
75.0
75.0
75.0
75.0
75.0
75.0
75.0
75.0
75.0
75.0
75.0
75.0
75.0
75.0
75.0
75.0
75.0
75.0
75.0
75.0
75.0
75.0
75.0
75.0
75.0
75.0
75.0
75.0
75.0
75.0
75.0
75.0
75.0
75.0
75.0
75.0
75.0
75.0
75.0
75.0
75.0
75.0
75.0
75.0
75.0
75.0
75.0
75.0
75.0
75.0
75.0
75.0
75.0
75.0
75.0
75.0
75.0
75.0
77.0
77.0
77.0
80.0
80.0
80.0
83.0
83.0
83.0
86.0
86.0
86.0
89.0
89.0
89.0
92.0
92.0
92.0
95.0
95.0
95.0
98.0
98.0
98.0
101.0
101.0
101.0
104.0
104.0
104.0
104.0
104.0
104.0
104.0
104.0
104.0
104.0
104.0
104.0
104.0
104.0
104.0
104.0
104.0
104.0
104.0
104.0
104.0
104.0
104.0
104.0
104.0
104.0
104.0
104.0
104.0
104.0
104.0
104.0
104.0
104.0
104.0
104.0
104.0
104.0
104.0
104.0
104.0
104.0
104.0
104.0
104.0
104.0
104.0
104.0
104.0
104.0
104.0
106.0
106.0
106.0
109.0
109.0
109.0
112.0
112.0
112.0
113.0
113.0
113.0
115.0
115.0
115.0
118.0
118.0
118.0
121.0
121.0
121.0
122.0
122.0
122.0
122.0
122.0
122.0
122.0
122.0
122.0
122.0
122.0
122.0
122.0
122.0
122.0
122.0
122.0
122.0
122.0
122.0
122.0
122.0
122.0
122.0
122.0
122.0
122.0
122.0
122.0
122.0
122.0
122.0
122.0
122.0
122.0
122.0
122.0
122.0
122.0
122.0
122.0
122.0
122.0
122.0
122.0
122.0
122.0
122.0
122.0
122.0
122.0
122.0
122.0
122.0
122.0
122.0
122.0
122.0
122.0
122.0
122.0
122.0
122.0
122.0
122.0
122.0
122.0
122.0
122.0
122.0
122.0
122.0
122.0
122.0
122.0
122.0
122.0
122.0
122.0
122.0
122.0
122.0
122.0
122.0
122.0
122.0
122.0
122.0
122.0
122.0
122.0
122.0
122.0
122.0
122.0
122.0
123.0
123.0
123.0
126.0
126.0
126.0
129.0
129.0
129.0
132.0
132.0
135.0
135.0
135.0
135.0
135.0
135.0
135.0
135.0
135.0
135.0
135.0
135.0
135.0
135.0
135.0
135.0
135.0
135.0
135.0
135.0
135.0
137.0
137.0
137.0
138.0
138.0
138.0
138.0
138.0
138.0
138.0
138.0
138.0
138.0
138.0
138.0
138.0
138.0
138.0
138.0
138.0
138.0
138.0
138.0
138.0
138.0
138.0
138.0
138.0
138.0
138.0
138.0
138.0
138.0
138.0
138.0
138.0
138.0
138.0
138.0
138.0
138.0
138.0
138.0
138.0
138.0
138.0
138.0
138.0
138.0
138.0
138.0
138.0
138.0
138.0
138.0
138.0
138.0
138.0
138.0
138.0
138.0
138.0
138.0
138.0
138.0
138.0
138.0
138.0
138.0
138.0
138.0
138.0
138.0
138.0
138.0
139.0
139.0
139.0
142.0
142.0
142.0
145.0
145.0
145.0
148.0
148.0
148.0
151.0
151.0
151.0
154.0
154.0
154.0
157.0
157.0
157.0
159.0
159.0
159.0
159.0
159.0
159.0
159.0
159.0
159.0
159.0
159.0
159.0
159.0
159.0
159.0
159.0
159.0
159.0
159.0
159.0
159.0
159.0
159.0
159.0
159.0
159.0
159.0
159.0
159.0
159.0
159.0
159.0
159.0
159.0
159.0
159.0
159.0
159.0
159.0
159.0
159.0
159.0
159.0
159.0
159.0
156.0
156.0
156.0
153.0
153.0
153.0
150.0
150.0
150.0
149.0
149.0
149.0
149.0
149.0
149.0
149.0
149.0
149.0
149.0
149.0
149.0
149.0
149.0
149.0
149.0
149.0
149.0
149.0
149.0
149.0
149.0
149.0
149.0
149.0
149.0
149.0
149.0
149.0
149.0
149.0
149.0
149.0
149.0
149.0
149.0
149.0
149.0
149.0
149.0
149.0
149.0
149.0
149.0
149.0
151.0
151.0
151.0
154.0
154.0
154.0
155.0
155.0
155.0
157.0
157.0
157.0
159.0
159.0
159.0
162.0
162.0
162.0
165.0
165.0
168.0
168.0
168.0
171.0
171.0
171.0
174.0
174.0
174.0
177.0
177.0
177.0
180.0
180.0
180.0
183.0
183.0
183.0
186.0
186.0
186.0
189.0
189.0
189.0
192.0
192.0
192.0
195.0
195.0
195.0
198.0
198.0
198.0
201.0
201.0
201.0
204.0
204.0
204.0
207.0
207.0
207.0
210.0
210.0
210.0
210.0
210.0
210.0
210.0
210.0
210.0
210.0
210.0
210.0
210.0
210.0
210.0
210.0
210.0
210.0
210.0
210.0
210.0
210.0
210.0
210.0
210.0
210.0
210.0
210.0
210.0
210.0
210.0
210.0
210.0
210.0
210.0
210.0
210.0
210.0
210.0
210.0
210.0
210.0
210.0
210.0
210.0
210.0
210.0
210.0
210.0
210.0
210.0
210.0
210.0
210.0
210.0
210.0
210.0
210.0
210.0
210.0
210.0
210.0
210.0
210.0
210.0
210.0
210.0
210.0
210.0
210.0
210.0
210.0
210.0
210.0
210.0
210.0
210.0
210.0
210.0
210.0
210.0
210.0
210.0
210.0
210.0
210.0
210.0
210.0
210.0
210.0
210.0
210.0
210.0
210.0
210.0
210.0
210.0
210.0
210.0
210.0
210.0
210.0
210.0
210.0
210.0
210.0
210.0
210.0
210.0
210.0
210.0
210.0
210.0
210.0
210.0
210.0
210.0
210.0
210.0
210.0
211.0
211.0
211.0
213.0
213.0
213.0
213.0
213.0
213.0
213.0
213.0
213.0
213.0
213.0
213.0
213.0
213.0
213.0
213.0
213.0
213.0
213.0
213.0
213.0
213.0
213.0
213.0
213.0
213.0
213.0
213.0
213.0
213.0
213.0
213.0
213.0
213.0
213.0
213.0
213.0
213.0
213.0
213.0
213.0
213.0
213.0
213.0
213.0
213.0
213.0
213.0
213.0
213.0
213.0
213.0
213.0
213.0
213.0
213.0
213.0
213.0
213.0
213.0
213.0
213.0
213.0
213.0
213.0
213.0
213.0
213.0
213.0
210.0
210.0
210.0
