0.0
0.0
0.0
0.0
0.0
0.0
0.0
0.0
0.0
0.0
0.0
0.0
0.0
0.0
0.0
0.0
0.0
0.0
0.0
0.0
0.0
0.0
0.0
0.0
0.0
0.0
0.0
0.0
0.0
0.0
0.0
0.0
0.0
0.0
0.0
0.0
0.0
0.0
0.0
0.0
0.0
0.0
0.0
0.0
0.0
0.0
0.0
0.0
0.0
0.0
1.0
1.0
1.0
4.0
4.0
4.0
7.0
7.0
7.0
7.0
7.0
7.0
7.0
7.0
7.0
7.0
7.0
7.0
7.0
7.0
7.0
7.0
7.0
7.0
7.0
7.0
7.0
7.0
7.0
7.0
7.0
7.0
7.0
7.0
7.0
7.0
7.0
7.0
7.0
7.0
7.0
7.0
7.0
7.0
7.0
7.0
7.0
7.0
7.0
7.0
7.0
7.0
7.0
7.0
7.0
7.0
7.0
7.0
7.0
7.0
7.0
7.0
7.0
7.0
7.0
7.0
7.0
7.0
7.0
7.0
7.0
7.0
7.0
7.0
7.0
7.0
7.0
7.0
7.0
7.0
7.0
7.0
7.0
7.0
7.0
7.0
7.0
5.0
5.0
5.0
6.0
6.0
6.0
9.0
9.0
9.0
12.0
12.0
12.0
15.0
15.0
15.0
18.0
18.0
18.0
21.0
21.0
21.0
24.0
24.0
24.0
27.0
27.0
27.0
29.0
29.0
29.0
29.0
29.0
29.0
29.0
29.0
29.0
29.0
29.0
29.0
32.0
32.0
32.0
35.0
35.0
35.0
38.0
38.0
38.0
41.0
41.0
41.0
44.0
44.0
44.0
47.0
47.0
47.0
47.0
47.0
47.0
47.0
47.0
47.0
47.0
47.0
47.0
47.0
47.0
47.0
50.0
50.0
50.0
53.0
53.0
53.0
56.0
56.0
56.0
59.0
59.0
59.0
62.0
62.0
62.0
65.0
65.0
65.0
68.0
68.0
68.0
71.0
71.0
71.0
74.0
74.0
74.0
77.0
77.0
77.0
80.0
80.0
80.0
83.0
83.0
83.0
86.0
86.0
86.0
89.0
89.0
89.0
92.0
92.0
92.0
95.0
95.0
95.0
98.0
98.0
98.0
101.0
101.0
101.0
104.0
104.0
104.0
107.0
107.0
107.0
110.0
110.0
110.0
113.0
113.0
113.0
116.0
116.0
116.0
119.0
119.0
119.0
122.0
122.0
122.0
125.0
125.0
125.0
128.0
128.0
128.0
131.0
131.0
131.0
134.0
134.0
134.0
137.0
137.0
137.0
140.0
140.0
140.0
143.0
143.0
143.0
146.0
146.0
146.0
146.0
146.0
146.0
146.0
146.0
146.0
146.0
146.0
146.0
146.0
146.0
146.0
146.0
146.0
146.0
146.0
146.0
146.0
146.0
146.0
146.0
146.0
146.0
148.0
148.0
148.0
151.0
151.0
151.0
154.0
154.0
154.0
154.0
154.0
154.0
154.0
154.0
154.0
154.0
154.0
154.0
154.0
154.0
154.0
154.0
154.0
154.0
154.0
154.0
154.0
154.0
154.0
154.0
154.0
154.0
154.0
154.0
154.0
154.0
154.0
154.0
154.0
154.0
154.0
154.0
154.0
154.0
154.0
156.0
156.0
156.0
157.0
157.0
157.0
160.0
160.0
160.0
163.0
163.0
163.0
165.0
165.0
165.0
165.0
165.0
165.0
165.0
165.0
165.0
165.0
165.0
165.0
166.0
166.0
166.0
169.0
169.0
169.0
171.0
171.0
171.0
172.0
172.0
172.0
174.0
174.0
174.0
175.0
175.0
175.0
175.0
175.0
175.0
175.0
175.0
175.0
175.0
175.0
175.0
175.0
175.0
175.0
175.0
175.0
175.0
175.0
175.0
175.0
175.0
175.0
175.0
175.0
175.0
175.0
175.0
175.0
175.0
175.0
175.0
175.0
175.0
175.0
175.0
175.0
175.0
175.0
175.0
175.0
175.0
175.0
175.0
175.0
175.0
175.0
175.0
175.0
175.0
175.0
175.0
175.0
175.0
177.0
177.0
177.0
180.0
180.0
180.0
183.0
183.0
183.0
186.0
186.0
186.0
189.0
189.0
189.0
192.0
192.0
192.0
195.0
195.0
195.0
198.0
198.0
198.0
201.0
201.0
201.0
202.0
202.0
202.0
202.0
202.0
202.0
202.0
202.0
202.0
202.0
202.0
202.0
202.0
202.0
202.0
202.0
202.0
202.0
202.0
202.0
202.0
202.0
202.0
202.0
202.0
202.0
202.0
202.0
202.0
202.0
202.0
202.0
202.0
202.0
202.0
202.0
202.0
202.0
202.0
202.0
202.0
202.0
202.0
202.0
202.0
202.0
202.0
202.0
202.0
202.0
202.0
202.0
202.0
202.0
202.0
202.0
202.0
202.0
202.0
202.0
202.0
202.0
202.0
202.0
202.0
202.0
202.0
202.0
202.0
202.0
202.0
202.0
202.0
202.0
202.0
204.0
204.0
204.0
207.0
207.0
207.0
210.0
210.0
210.0
213.0
213.0
213.0
216.0
216.0
216.0
219.0
219.0
219.0
219.0
219.0
219.0
219.0
219.0
219.0
219.0
219.0
219.0
219.0
219.0
219.0
219.0
219.0
219.0
219.0
219.0
219.0
219.0
219.0
219.0
219.0
219.0
219.0
219.0
219.0
219.0
219.0
219.0
219.0
219.0
219.0
219.0
219.0
219.0
219.0
222.0
222.0
222.0
225.0
225.0
225.0
228.0
228.0
228.0
231.0
231.0
231.0
234.0
234.0
234.0
237.0
237.0
237.0
240.0
240.0
240.0
243.0
243.0
243.0
246.0
246.0
246.0
249.0
249.0
249.0
252.0
252.0
252.0
255.0
255.0
258.0
258.0
258.0
261.0
261.0
261.0
264.0
264.0
264.0
267.0
267.0
267.0
270.0
270.0
270.0
273.0
273.0
273.0
276.0
276.0
276.0
279.0
279.0
279.0
282.0
282.0
282.0
285.0
285.0
285.0
288.0
288.0
288.0
291.0
291.0
291.0
294.0
294.0
294.0
297.0
297.0
297.0
300.0
300.0
300.0
303.0
303.0
303.0
306.0
306.0
306.0
309.0
309.0
309.0
312.0
312.0
312.0
315.0
315.0
315.0
318.0
318.0
318.0
321.0
321.0
321.0
324.0
324.0
324.0
327.0
327.0
327.0
330.0
330.0
330.0
333.0
333.0
333.0
336.0
336.0
336.0
339.0
339.0
339.0
342.0
342.0
342.0
345.0
345.0
345.0
348.0
348.0
348.0
351.0
351.0
351.0
354.0
354.0
354.0
357.0
357.0
357.0
360.0
360.0
360.0
363.0
363.0
363.0
366.0
366.0
366.0
367.0
367.0
367.0
368.0
368.0
368.0
371.0
371.0
371.0
374.0
374.0
374.0
377.0
377.0
377.0
380.0
380.0
380.0
383.0
383.0
383.0
386.0
386.0
386.0
389.0
389.0
389.0
392.0
392.0
392.0
395.0
395.0
395.0
398.0
398.0
398.0
401.0
401.0
401.0
404.0
404.0
404.0
407.0
407.0
407.0
410.0
410.0
410.0
413.0
413.0
413.0
416.0
416.0
416.0
419.0
419.0
419.0
422.0
422.0
422.0
425.0
425.0
425.0
428.0
428.0
428.0
431.0
431.0
431.0
434.0
434.0
434.0
437.0
437.0
437.0
440.0
440.0
440.0
443.0
443.0
443.0
446.0
446.0
446.0
449.0
449.0
449.0
452.0
452.0
452.0
455.0
455.0
455.0
458.0
458.0
458.0
461.0
461.0
461.0
464.0
464.0
464.0
467.0
467.0
467.0
470.0
470.0
470.0
473.0
473.0
473.0
476.0
476.0
476.0
479.0
479.0
479.0
482.0
482.0
482.0
485.0
485.0
485.0
488.0
488.0
488.0
491.0
491.0
491.0
494.0
494.0
494.0
497.0
497.0
497.0
500.0
500.0
500.0
503.0
503.0
503.0
506.0
506.0
506.0
509.0
509.0
509.0
512.0
512.0
512.0
515.0
515.0
515.0
518.0
518.0
518.0
521.0
521.0
521.0
524.0
524.0
524.0
527.0
527.0
527.0
530.0
530.0
530.0
533.0
533.0
533.0
536.0
536.0
536.0
539.0
539.0
539.0
541.0
541.0
541.0
541.0
541.0
541.0
542.0
542.0
542.0
545.0
545.0
545.0
548.0
548.0
548.0
551.0
551.0
551.0
554.0
554.0
554.0
557.0
557.0
557.0
560.0
560.0
560.0
563.0
563.0
563.0
566.0
566.0
566.0
569.0
569.0
569.0
572.0
572.0
572.0
