0.0
0.0
0.0
0.0
0.0
0.0
0.0
0.0
0.0
0.0
0.0
0.0
0.0
0.0
0.0
0.0
0.0
0.0
0.0
0.0
0.0
0.0
0.0
0.0
0.0
0.0
0.0
0.0
0.0
0.0
0.0
0.0
0.0
0.0
0.0
0.0
0.0
0.0
0.0
0.0
0.0
0.0
0.0
0.0
0.0
0.0
0.0
0.0
0.0
0.0
0.0
0.0
0.0
0.0
0.0
0.0
0.0
0.0
0.0
0.0
0.0
0.0
0.0
0.0
0.0
0.0
0.0
0.0
0.0
0.0
0.0
0.0
0.0
0.0
0.0
0.0
0.0
0.0
0.0
0.0
0.0
0.0
0.0
0.0
0.0
0.0
0.0
0.0
0.0
0.0
0.0
0.0
0.0
0.0
0.0
0.0
0.0
0.0
0.0
0.0
0.0
0.0
0.0
0.0
0.0
0.0
0.0
0.0
0.0
0.0
0.0
0.0
0.0
0.0
0.0
0.0
0.0
0.0
0.0
0.0
0.0
0.0
0.0
0.0
0.0
0.0
0.0
0.0
0.0
0.0
0.0
0.0
0.0
0.0
0.0
0.0
0.0
0.0
0.0
0.0
0.0
0.0
0.0
0.0
0.0
0.0
0.0
0.0
0.0
0.0
0.0
0.0
0.0
0.0
0.0
0.0
0.0
0.0
0.0
0.0
0.0
0.0
0.0
0.0
0.0
0.0
0.0
0.0
0.0
0.0
0.0
0.0
0.0
0.0
0.0
0.0
0.0
0.0
0.0
0.0
0.0
0.0
0.0
0.0
0.0
0.0
0.0
0.0
0.0
0.0
0.0
0.0
0.0
0.0
0.0
0.0
0.0
0.0
0.0
0.0
0.0
0.0
0.0
0.0
0.0
0.0
0.0
0.0
0.0
0.0
0.0
0.0
0.0
0.0
0.0
0.0
0.0
0.0
0.0
0.0
0.0
0.0
0.0
0.0
0.0
0.0
0.0
0.0
0.0
0.0
0.0
0.0
0.0
0.0
0.0
0.0
0.0
0.0
0.0
0.0
0.0
0.0
0.0
0.0
0.0
0.0
0.0
0.0
0.0
0.0
0.0
0.0
0.0
0.0
0.0
0.0
0.0
0.0
0.0
0.0
0.0
0.0
0.0
0.0
0.0
0.0
0.0
0.0
0.0
0.0
0.0
0.0
0.0
0.0
0.0
0.0
0.0
0.0
0.0
0.0
0.0
0.0
0.0
0.0
0.0
0.0
0.0
0.0
0.0
0.0
0.0
0.0
0.0
0.0
0.0
-1.0
-1.0
-1.0
-4.0
-4.0
-4.0
-7.0
-7.0
-7.0
-10.0
-10.0
-10.0
-12.0
-12.0
-12.0
-12.0
-12.0
-12.0
-12.0
-12.0
-12.0
-12.0
-12.0
-12.0
-12.0
-12.0
-12.0
-12.0
-12.0
-12.0
-12.0
-12.0
-12.0
-12.0
-12.0
-12.0
-12.0
-12.0
-12.0
-12.0
-12.0
-12.0
-12.0
-12.0
-12.0
-12.0
-12.0
-12.0
-12.0
-12.0
-12.0
-12.0
-12.0
-12.0
-12.0
-12.0
-12.0
-12.0
-12.0
-12.0
-12.0
-12.0
-12.0
-12.0
-12.0
-12.0
-12.0
-12.0
-12.0
-12.0
-12.0
-12.0
-12.0
-12.0
-12.0
-12.0
-12.0
-12.0
-12.0
-12.0
-12.0
-12.0
-12.0
-12.0
-12.0
-12.0
-12.0
-12.0
-12.0
-12.0
-12.0
-12.0
-12.0
-12.0
-12.0
-12.0
-12.0
-12.0
-12.0
-12.0
-12.0
-12.0
-12.0
-12.0
-12.0
-12.0
-12.0
-12.0
-12.0
-12.0
-12.0
-12.0
-12.0
-12.0
-12.0
-12.0
-12.0
-12.0
-12.0
-12.0
-14.0
-14.0
-14.0
-17.0
-17.0
-17.0
-20.0
-20.0
-20.0
-23.0
-23.0
-23.0
-26.0
-26.0
-26.0
-29.0
-29.0
-29.0
-32.0
-32.0
-32.0
-35.0
-35.0
-35.0
-38.0
-38.0
-38.0
-41.0
-41.0
-41.0
-44.0
-44.0
-44.0
-47.0
-47.0
-47.0
-50.0
-50.0
-50.0
-52.0
-52.0
-52.0
-52.0
-52.0
-52.0
-55.0
-55.0
-55.0
-58.0
-58.0
-58.0
-61.0
-61.0
-61.0
-64.0
-64.0
-64.0
-67.0
-67.0
-67.0
-70.0
-70.0
-70.0
-73.0
-73.0
-73.0
-76.0
-76.0
-76.0
-79.0
-79.0
-79.0
-82.0
-82.0
-82.0
-85.0
-85.0
-85.0
-88.0
-88.0
-88.0
-91.0
-91.0
-91.0
-92.0
-92.0
-92.0
-92.0
-92.0
-92.0
-92.0
-92.0
-92.0
-92.0
-92.0
-92.0
-92.0
-92.0
-92.0
-92.0
-92.0
-92.0
-92.0
-92.0
-92.0
-92.0
-92.0
-92.0
-92.0
-92.0
-92.0
-92.0
-92.0
-92.0
-92.0
-92.0
-92.0
-92.0
-92.0
-92.0
-92.0
-92.0
-92.0
-92.0
-92.0
-92.0
-92.0
-92.0
-92.0
-92.0
-92.0
-92.0
-92.0
-92.0
-92.0
-92.0
-92.0
-92.0
-92.0
-92.0
-92.0
-92.0
-92.0
-92.0
-92.0
-92.0
-92.0
-92.0
-92.0
-92.0
-92.0
-92.0
-92.0
-92.0
-92.0
-92.0
-92.0
-92.0
-92.0
-92.0
-92.0
-92.0
-92.0
-92.0
-92.0
-92.0
-92.0
-92.0
-92.0
-92.0
-92.0
-92.0
-92.0
-92.0
-92.0
-92.0
-92.0
-92.0
-92.0
-92.0
-92.0
-92.0
-92.0
-92.0
-92.0
-92.0
-92.0
-92.0
-92.0
-92.0
-92.0
-92.0
-92.0
-92.0
-92.0
-92.0
-92.0
-92.0
-92.0
-92.0
-92.0
-92.0
-92.0
-92.0
-92.0
-92.0
-92.0
-92.0
-92.0
-92.0
-92.0
-92.0
-92.0
-92.0
-92.0
-92.0
-92.0
-92.0
-92.0
-92.0
-92.0
-92.0
-92.0
-92.0
-92.0
-92.0
-92.0
-92.0
-92.0
-92.0
-92.0
-92.0
-92.0
-92.0
-92.0
-92.0
-92.0
-92.0
-92.0
-92.0
-92.0
-92.0
-92.0
-92.0
-92.0
-92.0
-92.0
-92.0
-92.0
-92.0
-92.0
-92.0
-92.0
-92.0
-92.0
-92.0
-92.0
-92.0
-92.0
-92.0
-92.0
-92.0
-92.0
-92.0
-92.0
-92.0
-92.0
-92.0
-92.0
-92.0
-92.0
-92.0
-92.0
-92.0
-92.0
-92.0
-92.0
-92.0
-92.0
-92.0
-92.0
-92.0
-92.0
-92.0
-92.0
-92.0
-92.0
-92.0
-92.0
-92.0
-92.0
-92.0
-92.0
-92.0
-92.0
-92.0
-92.0
-92.0
-92.0
-92.0
-92.0
-92.0
-92.0
-92.0
-92.0
-92.0
-92.0
-92.0
-92.0
-92.0
-92.0
-92.0
-92.0
-92.0
-92.0
-92.0
-92.0
-92.0
-92.0
-92.0
-92.0
-92.0
-92.0
-92.0
-92.0
-92.0
-92.0
-92.0
-92.0
-92.0
-92.0
-92.0
-92.0
-92.0
-92.0
-92.0
-92.0
-92.0
-92.0
-92.0
-92.0
-92.0
-92.0
-92.0
-92.0
-92.0
-92.0
-92.0
-92.0
-92.0
-92.0
-92.0
-92.0
-92.0
-92.0
-92.0
-92.0
-92.0
-92.0
-92.0
-92.0
-92.0
-92.0
-92.0
-92.0
-92.0
-92.0
-92.0
