0.0
0.0
0.0
0.0
0.0
0.0
0.0
0.0
0.0
0.0
0.0
0.0
0.0
0.0
0.0
0.0
0.0
0.0
0.0
0.0
0.0
0.0
0.0
0.0
0.0
0.0
0.0
0.0
0.0
0.0
0.0
0.0
0.0
0.0
0.0
0.0
0.0
0.0
0.0
0.0
0.0
0.0
0.0
0.0
2.0
2.0
2.0
5.0
5.0
8.0
8.0
8.0
10.0
10.0
10.0
10.0
10.0
10.0
10.0
10.0
10.0
10.0
10.0
10.0
10.0
10.0
10.0
10.0
10.0
10.0
11.0
11.0
11.0
14.0
14.0
14.0
17.0
17.0
17.0
20.0
20.0
20.0
22.0
22.0
22.0
23.0
23.0
23.0
26.0
26.0
26.0
29.0
29.0
29.0
32.0
32.0
35.0
35.0
35.0
38.0
38.0
38.0
40.0
40.0
40.0
42.0
42.0
42.0
44.0
44.0
44.0
44.0
44.0
44.0
44.0
44.0
44.0
44.0
44.0
44.0
44.0
44.0
44.0
44.0
44.0
44.0
44.0
44.0
44.0
44.0
44.0
44.0
44.0
44.0
44.0
44.0
44.0
44.0
44.0
44.0
44.0
44.0
44.0
44.0
44.0
44.0
44.0
44.0
44.0
44.0
44.0
44.0
44.0
44.0
44.0
44.0
44.0
44.0
44.0
44.0
44.0
44.0
44.0
44.0
44.0
44.0
44.0
44.0
44.0
44.0
44.0
44.0
44.0
44.0
44.0
44.0
44.0
44.0
44.0
44.0
44.0
44.0
44.0
44.0
44.0
44.0
44.0
44.0
44.0
44.0
44.0
44.0
44.0
44.0
44.0
44.0
44.0
44.0
44.0
44.0
44.0
44.0
44.0
44.0
44.0
44.0
44.0
44.0
44.0
44.0
44.0
44.0
44.0
44.0
44.0
44.0
44.0
44.0
44.0
44.0
44.0
44.0
44.0
47.0
47.0
47.0
50.0
50.0
50.0
53.0
53.0
53.0
56.0
56.0
56.0
59.0
59.0
62.0
62.0
62.0
65.0
65.0
65.0
67.0
67.0
67.0
67.0
67.0
67.0
67.0
67.0
67.0
67.0
67.0
67.0
67.0
67.0
67.0
67.0
67.0
67.0
67.0
67.0
67.0
67.0
67.0
67.0
67.0
67.0
67.0
67.0
67.0
67.0
67.0
67.0
67.0
67.0
67.0
67.0
67.0
67.0
67.0
67.0
67.0
67.0
67.0
67.0
67.0
67.0
67.0
67.0
67.0
67.0
67.0
67.0
67.0
67.0
67.0
67.0
69.0
69.0
69.0
72.0
72.0
72.0
72.0
72.0
72.0
73.0
73.0
73.0
75.0
75.0
75.0
76.0
76.0
76.0
78.0
78.0
78.0
78.0
78.0
78.0
79.0
79.0
79.0
79.0
79.0
79.0
79.0
79.0
79.0
79.0
79.0
79.0
79.0
79.0
79.0
79.0
79.0
79.0
79.0
79.0
79.0
79.0
79.0
79.0
79.0
79.0
76.0
76.0
76.0
76.0
76.0
76.0
76.0
76.0
76.0
76.0
76.0
76.0
75.0
75.0
75.0
72.0
72.0
72.0
69.0
69.0
69.0
69.0
69.0
69.0
69.0
69.0
69.0
69.0
69.0
69.0
69.0
69.0
66.0
66.0
66.0
63.0
63.0
63.0
61.0
61.0
61.0
61.0
61.0
61.0
61.0
61.0
61.0
60.0
60.0
60.0
57.0
57.0
57.0
54.0
54.0
54.0
52.0
52.0
52.0
52.0
52.0
52.0
52.0
52.0
52.0
52.0
52.0
52.0
49.0
49.0
49.0
48.0
48.0
48.0
48.0
48.0
48.0
48.0
48.0
48.0
48.0
48.0
45.0
45.0
45.0
44.0
44.0
44.0
44.0
44.0
44.0
44.0
44.0
44.0
41.0
41.0
41.0
41.0
41.0
41.0
41.0
41.0
41.0
41.0
41.0
41.0
38.0
38.0
38.0
37.0
37.0
37.0
35.0
35.0
35.0
34.0
34.0
34.0
32.0
32.0
32.0
