0.0
0.0
0.0
0.0
0.0
0.0
0.0
0.0
0.0
0.0
0.0
0.0
0.0
0.0
0.0
0.0
0.0
0.0
0.0
0.0
0.0
0.0
0.0
0.0
0.0
0.0
0.0
0.0
0.0
0.0
0.0
0.0
0.0
0.0
0.0
0.0
0.0
0.0
0.0
0.0
0.0
0.0
0.0
0.0
0.0
0.0
0.0
0.0
0.0
0.0
0.0
0.0
0.0
0.0
0.0
0.0
0.0
0.0
0.0
0.0
0.0
0.0
0.0
0.0
0.0
0.0
0.0
0.0
0.0
0.0
0.0
0.0
0.0
0.0
0.0
0.0
0.0
0.0
0.0
0.0
0.0
0.0
0.0
0.0
0.0
0.0
0.0
0.0
0.0
0.0
0.0
0.0
0.0
0.0
0.0
0.0
0.0
0.0
0.0
0.0
0.0
0.0
0.0
0.0
0.0
0.0
0.0
0.0
0.0
0.0
0.0
0.0
0.0
0.0
0.0
0.0
0.0
0.0
0.0
0.0
0.0
0.0
0.0
0.0
0.0
0.0
0.0
0.0
0.0
0.0
0.0
0.0
0.0
0.0
0.0
0.0
0.0
0.0
0.0
0.0
0.0
0.0
0.0
0.0
0.0
0.0
0.0
0.0
0.0
0.0
0.0
0.0
0.0
0.0
0.0
0.0
0.0
0.0
0.0
0.0
0.0
0.0
0.0
0.0
0.0
0.0
0.0
0.0
0.0
0.0
0.0
0.0
0.0
0.0
0.0
0.0
0.0
0.0
0.0
0.0
0.0
0.0
0.0
0.0
0.0
0.0
0.0
0.0
0.0
0.0
0.0
0.0
0.0
0.0
0.0
0.0
0.0
0.0
0.0
0.0
0.0
0.0
0.0
0.0
0.0
0.0
0.0
0.0
0.0
0.0
0.0
0.0
0.0
0.0
0.0
0.0
0.0
0.0
0.0
0.0
0.0
0.0
0.0
0.0
0.0
0.0
0.0
0.0
0.0
0.0
0.0
0.0
0.0
0.0
0.0
0.0
0.0
0.0
0.0
0.0
0.0
0.0
0.0
0.0
0.0
0.0
0.0
0.0
0.0
0.0
0.0
0.0
0.0
0.0
0.0
0.0
0.0
0.0
0.0
0.0
0.0
0.0
0.0
0.0
0.0
0.0
0.0
0.0
0.0
0.0
0.0
0.0
0.0
0.0
0.0
0.0
0.0
0.0
0.0
0.0
0.0
0.0
0.0
0.0
0.0
0.0
0.0
0.0
0.0
0.0
0.0
0.0
0.0
0.0
0.0
0.0
0.0
0.0
0.0
0.0
0.0
0.0
0.0
0.0
0.0
0.0
0.0
0.0
0.0
0.0
0.0
0.0
0.0
0.0
0.0
0.0
0.0
0.0
0.0
0.0
0.0
0.0
0.0
0.0
0.0
0.0
0.0
0.0
0.0
0.0
0.0
0.0
0.0
0.0
0.0
0.0
0.0
0.0
0.0
0.0
0.0
0.0
0.0
0.0
0.0
0.0
0.0
0.0
0.0
0.0
0.0
0.0
0.0
0.0
0.0
0.0
0.0
0.0
0.0
0.0
0.0
0.0
0.0
0.0
0.0
0.0
0.0
0.0
0.0
0.0
0.0
0.0
0.0
0.0
0.0
0.0
0.0
0.0
0.0
0.0
0.0
0.0
0.0
0.0
0.0
0.0
0.0
0.0
0.0
0.0
0.0
0.0
0.0
0.0
0.0
0.0
0.0
0.0
0.0
0.0
0.0
0.0
0.0
0.0
0.0
0.0
0.0
0.0
0.0
0.0
0.0
0.0
0.0
0.0
0.0
0.0
0.0
0.0
0.0
0.0
0.0
0.0
0.0
0.0
0.0
0.0
0.0
0.0
0.0
0.0
0.0
0.0
0.0
0.0
0.0
0.0
0.0
0.0
0.0
0.0
0.0
0.0
0.0
0.0
0.0
0.0
0.0
0.0
0.0
0.0
0.0
0.0
0.0
0.0
0.0
0.0
0.0
0.0
0.0
0.0
0.0
0.0
0.0
0.0
0.0
0.0
0.0
0.0
0.0
0.0
0.0
0.0
0.0
0.0
0.0
0.0
0.0
0.0
0.0
0.0
0.0
0.0
0.0
0.0
0.0
0.0
0.0
0.0
0.0
0.0
0.0
0.0
0.0
0.0
0.0
0.0
0.0
0.0
0.0
0.0
0.0
0.0
0.0
0.0
0.0
0.0
0.0
0.0
0.0
0.0
0.0
0.0
0.0
0.0
0.0
0.0
0.0
0.0
0.0
0.0
0.0
0.0
0.0
0.0
0.0
0.0
0.0
0.0
0.0
-3.0
-3.0
-3.0
-3.0
-3.0
-3.0
-3.0
-3.0
-3.0
-3.0
-3.0
-3.0
-6.0
-6.0
-9.0
-9.0
-9.0
-11.0
-11.0
-11.0
-11.0
-11.0
-11.0
-11.0
-11.0
-11.0
-11.0
-11.0
-11.0
-11.0
-11.0
-11.0
-13.0
-13.0
-13.0
-13.0
-13.0
-13.0
-16.0
-16.0
-16.0
-19.0
-19.0
-19.0
-22.0
-22.0
-22.0
-25.0
-25.0
-25.0
-28.0
-28.0
-28.0
-31.0
-31.0
-31.0
-34.0
-34.0
-34.0
-37.0
-37.0
-37.0
-40.0
-40.0
-40.0
-43.0
-43.0
-43.0
-46.0
-46.0
-46.0
-49.0
-49.0
-49.0
-52.0
-52.0
-52.0
-55.0
-55.0
-55.0
-58.0
-58.0
-58.0
-61.0
-61.0
-61.0
-64.0
-64.0
-64.0
-67.0
-67.0
-67.0
-70.0
-70.0
-70.0
-73.0
-73.0
-73.0
-76.0
-76.0
-76.0
-79.0
-79.0
-79.0
-82.0
-82.0
-82.0
-85.0
-85.0
-85.0
-88.0
-88.0
-88.0
-91.0
-91.0
-91.0
-94.0
-94.0
-94.0
-97.0
-97.0
-97.0
-100.0
-100.0
-100.0
-103.0
-103.0
-103.0
-106.0
-106.0
-106.0
-109.0
-109.0
-109.0
-112.0
-112.0
-112.0
-115.0
-115.0
-115.0
-118.0
-118.0
-118.0
-121.0
-121.0
-121.0
-124.0
-124.0
-124.0
-127.0
-127.0
-127.0
-130.0
-130.0
-130.0
-133.0
-133.0
-133.0
-136.0
-136.0
-136.0
-139.0
-139.0
-139.0
-142.0
-142.0
-142.0
-145.0
-145.0
-145.0
-148.0
-148.0
-148.0
-151.0
-151.0
-151.0
-154.0
-154.0
-154.0
-157.0
-157.0
-157.0
-160.0
-160.0
-160.0
-163.0
-163.0
-163.0
-166.0
-166.0
-166.0
-169.0
-169.0
-169.0
-172.0
-172.0
-172.0
-175.0
-175.0
-175.0
-176.0
-176.0
-176.0
-176.0
-176.0
-176.0
-176.0
-176.0
-176.0
-176.0
-176.0
-176.0
-176.0
-176.0
-176.0
-176.0
-176.0
-176.0
-176.0
-176.0
-176.0
-176.0
-176.0
-176.0
-176.0
-176.0
-176.0
-176.0
-176.0
-176.0
-176.0
-176.0
-176.0
-176.0
-176.0
-176.0
-176.0
-176.0
-176.0
-176.0
-176.0
-176.0
-176.0
-176.0
-176.0
-176.0
-176.0
-176.0
-176.0
-176.0
-176.0
-176.0
-176.0
-176.0
-176.0
-176.0
-176.0
-176.0
-176.0
-176.0
-176.0
-176.0
-176.0
-176.0
-176.0
-176.0
-176.0
-176.0
-176.0
-176.0
-176.0
-176.0
-176.0
-176.0
-176.0
-176.0
-176.0
-176.0
-176.0
-176.0
-176.0
-176.0
-176.0
-176.0
