0.0
0.0
0.0
0.0
0.0
0.0
0.0
0.0
0.0
0.0
0.0
0.0
2.0
2.0
5.0
5.0
5.0
8.0
8.0
11.0
11.0
11.0
14.0
14.0
16.0
16.0
16.0
19.0
19.0
20.0
20.0
20.0
20.0
20.0
20.0
20.0
20.0
20.0
20.0
20.0
20.0
20.0
21.0
21.0
22.0
22.0
22.0
23.0
23.0
24.0
24.0
26.0
26.0
26.0
27.0
27.0
30.0
30.0
30.0
33.0
33.0
36.0
36.0
36.0
37.0
37.0
40.0
40.0
40.0
43.0
43.0
44.0
44.0
44.0
45.0
45.0
48.0
48.0
48.0
51.0
51.0
54.0
54.0
54.0
57.0
57.0
59.0
59.0
59.0
62.0
62.0
65.0
65.0
65.0
68.0
68.0
71.0
71.0
71.0
74.0
74.0
77.0
77.0
80.0
80.0
80.0
82.0
82.0
82.0
82.0
82.0
82.0
82.0
82.0
82.0
82.0
82.0
82.0
82.0
82.0
82.0
82.0
82.0
81.0
81.0
81.0
79.0
79.0
78.0
78.0
78.0
76.0
76.0
74.0
74.0
74.0
74.0
74.0
74.0
74.0
74.0
74.0
74.0
74.0
74.0
74.0
74.0
74.0
74.0
74.0
74.0
74.0
74.0
74.0
74.0
74.0
74.0
74.0
74.0
74.0
74.0
74.0
74.0
74.0
74.0
74.0
74.0
74.0
74.0
74.0
74.0
74.0
74.0
74.0
74.0
74.0
74.0
74.0
74.0
74.0
74.0
74.0
74.0
74.0
74.0
74.0
74.0
74.0
76.0
76.0
79.0
79.0
79.0
80.0
80.0
81.0
81.0
81.0
84.0
84.0
87.0
87.0
90.0
90.0
90.0
92.0
92.0
95.0
95.0
95.0
98.0
98.0
100.0
100.0
100.0
103.0
103.0
106.0
106.0
106.0
108.0
108.0
110.0
110.0
110.0
113.0
113.0
116.0
116.0
116.0
118.0
118.0
120.0
120.0
120.0
121.0
121.0
122.0
122.0
122.0
123.0
123.0
124.0
124.0
124.0
124.0
124.0
124.0
124.0
124.0
124.0
124.0
124.0
124.0
124.0
124.0
124.0
124.0
124.0
124.0
124.0
124.0
124.0
124.0
124.0
124.0
124.0
124.0
124.0
124.0
124.0
124.0
124.0
124.0
124.0
124.0
124.0
124.0
124.0
124.0
124.0
124.0
124.0
124.0
124.0
124.0
124.0
124.0
124.0
124.0
124.0
124.0
124.0
124.0
124.0
124.0
124.0
127.0
127.0
129.0
129.0
131.0
131.0
131.0
133.0
133.0
134.0
134.0
134.0
136.0
136.0
137.0
137.0
137.0
138.0
138.0
139.0
139.0
139.0
140.0
140.0
141.0
141.0
141.0
142.0
142.0
143.0
143.0
143.0
146.0
146.0
147.0
147.0
147.0
150.0
150.0
152.0
152.0
152.0
154.0
154.0
157.0
157.0
157.0
160.0
160.0
163.0
163.0
163.0
166.0
166.0
169.0
169.0
172.0
172.0
172.0
175.0
175.0
178.0
178.0
178.0
180.0
180.0
183.0
183.0
183.0
186.0
186.0
186.0
186.0
186.0
186.0
186.0
186.0
186.0
186.0
186.0
186.0
186.0
186.0
186.0
186.0
186.0
186.0
186.0
186.0
186.0
186.0
186.0
186.0
186.0
186.0
186.0
186.0
186.0
186.0
186.0
186.0
186.0
186.0
186.0
186.0
186.0
186.0
186.0
186.0
186.0
186.0
186.0
186.0
186.0
186.0
186.0
186.0
186.0
186.0
186.0
186.0
186.0
186.0
186.0
186.0
186.0
186.0
186.0
186.0
186.0
186.0
186.0
186.0
186.0
186.0
186.0
186.0
186.0
186.0
186.0
186.0
186.0
186.0
186.0
186.0
186.0
186.0
186.0
186.0
186.0
186.0
186.0
186.0
186.0
186.0
186.0
186.0
186.0
186.0
186.0
186.0
186.0
186.0
186.0
186.0
186.0
186.0
186.0
186.0
186.0
186.0
186.0
186.0
186.0
186.0
186.0
186.0
186.0
188.0
188.0
190.0
190.0
190.0
193.0
193.0
196.0
196.0
196.0
199.0
199.0
202.0
202.0
202.0
205.0
205.0
208.0
208.0
208.0
210.0
210.0
212.0
212.0
212.0
215.0
215.0
218.0
218.0
221.0
221.0
221.0
224.0
224.0
227.0
227.0
227.0
230.0
230.0
230.0
230.0
230.0
230.0
230.0
230.0
230.0
230.0
230.0
230.0
230.0
230.0
230.0
230.0
230.0
230.0
230.0
230.0
230.0
230.0
230.0
230.0
230.0
230.0
230.0
230.0
230.0
230.0
230.0
230.0
230.0
230.0
230.0
230.0
230.0
230.0
230.0
230.0
230.0
230.0
232.0
232.0
235.0
235.0
235.0
237.0
237.0
239.0
239.0
239.0
242.0
242.0
245.0
245.0
245.0
248.0
248.0
251.0
251.0
251.0
254.0
254.0
257.0
257.0
257.0
260.0
260.0
263.0
263.0
263.0
266.0
266.0
269.0
269.0
269.0
272.0
272.0
275.0
275.0
275.0
278.0
278.0
281.0
281.0
281.0
283.0
283.0
286.0
286.0
286.0
