0.0
0.0
0.0
0.0
0.0
0.0
0.0
0.0
0.0
0.0
0.0
0.0
0.0
0.0
0.0
0.0
0.0
0.0
0.0
0.0
0.0
0.0
0.0
0.0
0.0
0.0
0.0
0.0
0.0
0.0
0.0
0.0
0.0
0.0
0.0
0.0
0.0
0.0
0.0
0.0
0.0
0.0
0.0
0.0
0.0
0.0
0.0
0.0
0.0
0.0
0.0
0.0
0.0
0.0
0.0
0.0
0.0
0.0
0.0
0.0
0.0
0.0
0.0
0.0
0.0
0.0
0.0
0.0
0.0
0.0
0.0
0.0
0.0
0.0
0.0
0.0
0.0
0.0
0.0
0.0
0.0
0.0
0.0
0.0
0.0
0.0
0.0
0.0
0.0
0.0
0.0
0.0
0.0
0.0
0.0
0.0
0.0
0.0
0.0
0.0
0.0
0.0
0.0
0.0
-1.0
-1.0
-1.0
-4.0
-4.0
-4.0
-6.0
-6.0
-6.0
-6.0
-6.0
-6.0
-6.0
-6.0
-6.0
-6.0
-6.0
-6.0
-6.0
-6.0
-6.0
-6.0
-6.0
-6.0
-6.0
-6.0
-6.0
-6.0
-6.0
-6.0
-6.0
-6.0
-6.0
-6.0
-6.0
-6.0
-6.0
-6.0
-6.0
-9.0
-9.0
-9.0
-12.0
-12.0
-12.0
-15.0
-15.0
-15.0
-15.0
-15.0
-15.0
-15.0
-15.0
-15.0
-15.0
-15.0
-15.0
-15.0
-15.0
-15.0
-17.0
-17.0
-17.0
-20.0
-20.0
-20.0
-23.0
-23.0
-23.0
-25.0
-25.0
-25.0
-25.0
-25.0
-25.0
-25.0
-25.0
-25.0
-25.0
-25.0
-25.0
-28.0
-28.0
-28.0
-31.0
-31.0
-31.0
-32.0
-32.0
-32.0
-32.0
-32.0
-32.0
-32.0
-32.0
-32.0
-32.0
-32.0
-32.0
-34.0
-34.0
-34.0
-34.0
-34.0
-34.0
-34.0
-34.0
-34.0
-34.0
-34.0
-34.0
-34.0
-34.0
-34.0
-34.0
-34.0
-34.0
-34.0
-34.0
-34.0
-34.0
-34.0
-34.0
-34.0
-34.0
-34.0
-34.0
-34.0
-34.0
-34.0
-34.0
-34.0
-34.0
-34.0
-34.0
-34.0
-34.0
-34.0
-34.0
-34.0
-34.0
-36.0
-36.0
-36.0
-36.0
-36.0
-36.0
-37.0
-37.0
-37.0
-40.0
-40.0
-40.0
-43.0
-43.0
-43.0
-44.0
-44.0
-44.0
-44.0
-44.0
-44.0
-44.0
-44.0
-44.0
-44.0
-44.0
-44.0
-44.0
-44.0
-44.0
-44.0
-44.0
-44.0
-43.0
-43.0
-43.0
-40.0
-40.0
-40.0
-37.0
-37.0
-37.0
-34.0
-34.0
-34.0
-31.0
-31.0
-31.0
-29.0
-29.0
-29.0
-29.0
-29.0
-29.0
-29.0
-29.0
-29.0
-29.0
-29.0
-29.0
-29.0
-29.0
-29.0
-29.0
-29.0
-29.0
-26.0
-26.0
-26.0
-24.0
-24.0
-24.0
-24.0
-24.0
-24.0
-24.0
-24.0
-24.0
-22.0
-22.0
-22.0
-19.0
-19.0
-19.0
-19.0
-19.0
-19.0
-19.0
-19.0
-19.0
-16.0
-16.0
-16.0
-13.0
-13.0
-13.0
-10.0
-10.0
-10.0
-7.0
-7.0
-7.0
-7.0
-7.0
-7.0
-7.0
-7.0
-7.0
-7.0
-7.0
-7.0
-6.0
-6.0
-6.0
-3.0
-3.0
-3.0
-2.0
-2.0
-2.0
-2.0
-2.0
-2.0
-2.0
-2.0
-2.0
-2.0
-2.0
-2.0
-2.0
-2.0
-2.0
-2.0
-2.0
-2.0
-2.0
-2.0
-2.0
-2.0
-2.0
-2.0
-2.0
-2.0
-2.0
-2.0
-2.0
-2.0
-2.0
-2.0
-2.0
-2.0
-2.0
-2.0
-2.0
-2.0
-2.0
-2.0
-2.0
-2.0
-2.0
-2.0
-2.0
-2.0
-2.0
-2.0
-2.0
-2.0
-2.0
-2.0
-2.0
-2.0
-2.0
-2.0
-2.0
-2.0
-2.0
-2.0
-2.0
-2.0
-2.0
-2.0
-2.0
-2.0
-2.0
-2.0
-2.0
-2.0
-2.0
-2.0
-5.0
-5.0
-5.0
-8.0
-8.0
-8.0
-10.0
-10.0
-10.0
-10.0
-10.0
-10.0
-10.0
-10.0
-10.0
-12.0
-12.0
-12.0
-15.0
-15.0
-15.0
-16.0
-16.0
-16.0
-16.0
-16.0
-16.0
-18.0
-18.0
-18.0
-20.0
-20.0
-20.0
-20.0
-20.0
-20.0
-20.0
-20.0
-20.0
-22.0
-22.0
-22.0
-22.0
-22.0
-22.0
-19.0
-19.0
-19.0
-16.0
-16.0
-16.0
-13.0
-13.0
-13.0
-11.0
-11.0
-11.0
-11.0
-11.0
-11.0
-9.0
-9.0
-9.0
-6.0
-6.0
-6.0
-3.0
-3.0
-3.0
0.0
0.0
0.0
3.0
3.0
3.0
6.0
6.0
6.0
9.0
9.0
9.0
12.0
12.0
12.0
15.0
15.0
15.0
18.0
18.0
18.0
20.0
20.0
20.0
20.0
20.0
20.0
20.0
20.0
20.0
20.0
20.0
20.0
20.0
20.0
20.0
20.0
20.0
20.0
20.0
20.0
20.0
20.0
20.0
20.0
20.0
20.0
20.0
17.0
17.0
17.0
15.0
15.0
15.0
15.0
15.0
15.0
15.0
15.0
15.0
14.0
14.0
14.0
11.0
11.0
11.0
9.0
9.0
9.0
9.0
9.0
9.0
6.0
6.0
6.0
3.0
3.0
3.0
0.0
0.0
0.0
-3.0
-3.0
-3.0
-6.0
-6.0
-6.0
-9.0
-9.0
-9.0
-12.0
-12.0
-12.0
-15.0
-15.0
-15.0
-18.0
-18.0
-18.0
-21.0
-21.0
-21.0
-24.0
-24.0
-24.0
-27.0
-27.0
-27.0
-30.0
-30.0
-30.0
-33.0
-33.0
-33.0
-36.0
-36.0
-36.0
-39.0
-39.0
-39.0
-42.0
-42.0
-42.0
-45.0
-45.0
-45.0
-48.0
-48.0
-48.0
-51.0
-51.0
-51.0
-54.0
-54.0
-54.0
-57.0
-57.0
-57.0
-60.0
-60.0
-60.0
-63.0
-63.0
-63.0
-66.0
-66.0
-66.0
-69.0
-69.0
-69.0
-72.0
-72.0
-72.0
-75.0
-75.0
-75.0
-78.0
-78.0
-78.0
-81.0
-81.0
-81.0
-84.0
-84.0
-84.0
-87.0
-87.0
-87.0
-90.0
-90.0
-90.0
-93.0
-93.0
-93.0
-96.0
-96.0
-96.0
-99.0
-99.0
-99.0
-102.0
-102.0
-102.0
-105.0
-105.0
-105.0
-108.0
-108.0
-108.0
-111.0
-111.0
-111.0
-114.0
-114.0
-114.0
-117.0
-117.0
-117.0
-120.0
-120.0
-120.0
-123.0
-123.0
-123.0
-126.0
-126.0
-126.0
-128.0
-128.0
-128.0
-128.0
-128.0
-128.0
-129.0
-129.0
-129.0
-132.0
-132.0
-132.0
-135.0
-135.0
-135.0
-138.0
-138.0
-138.0
-141.0
-141.0
-141.0
-144.0
-144.0
-144.0
-147.0
-147.0
-147.0
-150.0
-150.0
-150.0
-153.0
-153.0
-153.0
-156.0
-156.0
-156.0
-159.0
-159.0
-159.0
-162.0
-162.0
-162.0
-165.0
-165.0
-165.0
-168.0
-168.0
-168.0
-171.0
-171.0
-171.0
-174.0
-174.0
-174.0
-177.0
-177.0
-177.0
-180.0
-180.0
-180.0
-183.0
-183.0
-183.0
-186.0
-186.0
-186.0
-186.0
-186.0
-186.0
-186.0
-186.0
-186.0
-186.0
-186.0
-186.0
-186.0
-186.0
-186.0
-186.0
-186.0
-186.0
-186.0
-186.0
-186.0
-186.0
-186.0
-186.0
-186.0
-186.0
-186.0
-186.0
-186.0
-186.0
-186.0
-186.0
-186.0
-186.0
-186.0
-186.0
-186.0
-186.0
-186.0
-186.0
-186.0
-186.0
-186.0
-186.0
-186.0
-186.0
-186.0
-186.0
-186.0
-186.0
-186.0
-187.0
-187.0
-187.0
-190.0
-190.0
-190.0
-193.0
-193.0
-193.0
-196.0
-196.0
-196.0
-199.0
-199.0
-199.0
-202.0
-202.0
-202.0
-205.0
-205.0
-205.0
-208.0
-208.0
-208.0
-211.0
-211.0
-211.0
-211.0
-211.0
-211.0
-213.0
-213.0
-213.0
-216.0
-216.0
-216.0
-219.0
-219.0
-219.0
