0.0
0.0
0.0
0.0
0.0
0.0
0.0
0.0
0.0
0.0
0.0
0.0
0.0
0.0
0.0
0.0
0.0
0.0
0.0
0.0
0.0
0.0
0.0
0.0
0.0
0.0
0.0
0.0
0.0
0.0
0.0
0.0
0.0
0.0
0.0
0.0
0.0
0.0
0.0
0.0
0.0
0.0
0.0
0.0
0.0
0.0
0.0
0.0
0.0
0.0
0.0
0.0
0.0
0.0
0.0
0.0
0.0
0.0
0.0
0.0
0.0
0.0
0.0
0.0
0.0
0.0
0.0
0.0
0.0
0.0
0.0
0.0
0.0
0.0
0.0
0.0
0.0
0.0
0.0
0.0
0.0
0.0
0.0
0.0
0.0
0.0
0.0
0.0
0.0
0.0
0.0
0.0
0.0
0.0
0.0
0.0
0.0
0.0
0.0
0.0
0.0
0.0
0.0
0.0
0.0
0.0
0.0
0.0
0.0
0.0
0.0
0.0
0.0
0.0
0.0
0.0
0.0
0.0
0.0
0.0
0.0
0.0
-3.0
-3.0
-3.0
-6.0
-6.0
-6.0
-9.0
-9.0
-9.0
-12.0
-12.0
-12.0
-15.0
-15.0
-15.0
-18.0
-18.0
-18.0
-21.0
-21.0
-21.0
-24.0
-24.0
-24.0
-25.0
-25.0
-25.0
-25.0
-25.0
-25.0
-25.0
-25.0
-25.0
-25.0
-25.0
-25.0
-25.0
-25.0
-25.0
-25.0
-25.0
-25.0
-25.0
-25.0
-25.0
-25.0
-25.0
-25.0
-25.0
-25.0
-25.0
-25.0
-25.0
-25.0
-25.0
-25.0
-25.0
-25.0
-25.0
-25.0
-25.0
-25.0
-25.0
-25.0
-25.0
-25.0
-25.0
-25.0
-25.0
-25.0
-25.0
-25.0
-25.0
-25.0
-25.0
-25.0
-25.0
-25.0
-25.0
-25.0
-25.0
-25.0
-25.0
-25.0
-25.0
-25.0
-25.0
-25.0
-25.0
-25.0
-25.0
-25.0
-25.0
-25.0
-25.0
-25.0
-25.0
-25.0
-25.0
-25.0
-25.0
-25.0
-25.0
-25.0
-25.0
-25.0
-25.0
-25.0
-25.0
-25.0
-25.0
-25.0
-25.0
-25.0
-25.0
-25.0
-25.0
-25.0
-25.0
-25.0
-25.0
-25.0
-25.0
-25.0
-25.0
-25.0
-25.0
-25.0
-25.0
-25.0
-25.0
-25.0
-25.0
-25.0
-25.0
-25.0
-25.0
-25.0
-25.0
-25.0
-25.0
-25.0
-25.0
-25.0
-25.0
-25.0
-25.0
-25.0
-25.0
-25.0
-25.0
-25.0
-25.0
-25.0
-25.0
-25.0
-25.0
-25.0
-25.0
-25.0
-25.0
-25.0
-25.0
-25.0
-25.0
-25.0
-25.0
-25.0
-25.0
-25.0
-25.0
-25.0
-25.0
-25.0
-25.0
-25.0
-25.0
-25.0
-25.0
-25.0
-25.0
-25.0
-25.0
-25.0
-25.0
-25.0
-25.0
-25.0
-25.0
-25.0
-25.0
-25.0
-25.0
-25.0
-25.0
-25.0
-25.0
-25.0
-25.0
-25.0
-25.0
-25.0
-25.0
-25.0
-25.0
-25.0
-25.0
-25.0
-25.0
-25.0
-25.0
-25.0
-25.0
-25.0
-25.0
-25.0
-25.0
-25.0
-25.0
-25.0
-25.0
-25.0
-25.0
-25.0
-25.0
-25.0
-25.0
-25.0
-25.0
-25.0
-25.0
-25.0
-25.0
-25.0
-25.0
-25.0
-25.0
-25.0
-25.0
-25.0
-25.0
-25.0
-25.0
-25.0
-25.0
-25.0
-25.0
-25.0
-25.0
-25.0
-25.0
-25.0
-25.0
-25.0
-25.0
-25.0
-25.0
-25.0
-25.0
-25.0
-25.0
-25.0
-25.0
-25.0
-25.0
-25.0
-25.0
-25.0
-25.0
-25.0
-25.0
-25.0
-25.0
-25.0
-25.0
-25.0
-25.0
-25.0
-25.0
-25.0
-25.0
-25.0
-25.0
-25.0
-25.0
-25.0
-25.0
-25.0
-25.0
-25.0
-25.0
-25.0
-25.0
-25.0
-25.0
-25.0
-25.0
-25.0
-25.0
-25.0
-25.0
-25.0
-25.0
-25.0
-25.0
-25.0
-25.0
-25.0
-25.0
-25.0
-25.0
-25.0
-25.0
-25.0
-25.0
-25.0
-25.0
-25.0
-25.0
-25.0
-25.0
-25.0
-25.0
-25.0
-25.0
-22.0
-22.0
-22.0
-19.0
-19.0
-19.0
-16.0
-16.0
-16.0
-13.0
-13.0
-13.0
-10.0
-10.0
-10.0
-7.0
-7.0
-7.0
-4.0
-4.0
-4.0
-1.0
-1.0
-1.0
2.0
2.0
2.0
5.0
5.0
5.0
7.0
7.0
7.0
7.0
7.0
7.0
7.0
7.0
7.0
7.0
7.0
7.0
7.0
7.0
7.0
7.0
7.0
7.0
7.0
7.0
7.0
7.0
7.0
7.0
7.0
7.0
7.0
7.0
7.0
7.0
7.0
7.0
7.0
7.0
7.0
7.0
7.0
7.0
7.0
7.0
7.0
7.0
7.0
7.0
7.0
7.0
7.0
7.0
7.0
7.0
7.0
7.0
7.0
7.0
7.0
7.0
7.0
7.0
7.0
7.0
7.0
7.0
7.0
7.0
7.0
7.0
7.0
7.0
7.0
7.0
7.0
7.0
7.0
7.0
7.0
7.0
7.0
7.0
7.0
7.0
7.0
7.0
7.0
7.0
7.0
7.0
7.0
7.0
7.0
7.0
7.0
7.0
7.0
7.0
7.0
7.0
7.0
7.0
7.0
7.0
7.0
7.0
7.0
7.0
7.0
7.0
7.0
7.0
7.0
7.0
7.0
7.0
7.0
7.0
7.0
7.0
7.0
7.0
7.0
7.0
7.0
7.0
7.0
7.0
7.0
7.0
7.0
7.0
7.0
7.0
7.0
7.0
7.0
7.0
7.0
7.0
7.0
7.0
7.0
7.0
7.0
7.0
7.0
7.0
7.0
7.0
7.0
