0.0
0.0
0.0
0.0
0.0
0.0
0.0
0.0
0.0
0.0
0.0
0.0
0.0
0.0
0.0
0.0
0.0
0.0
0.0
0.0
0.0
0.0
0.0
0.0
0.0
0.0
0.0
0.0
0.0
0.0
0.0
0.0
0.0
0.0
0.0
0.0
0.0
0.0
0.0
0.0
0.0
0.0
0.0
0.0
0.0
0.0
0.0
0.0
0.0
0.0
0.0
0.0
0.0
0.0
0.0
0.0
0.0
0.0
0.0
0.0
0.0
0.0
0.0
0.0
0.0
0.0
0.0
0.0
0.0
0.0
0.0
0.0
0.0
0.0
0.0
0.0
0.0
0.0
0.0
0.0
2.0
2.0
2.0
2.0
2.0
2.0
2.0
2.0
2.0
2.0
2.0
2.0
4.0
4.0
4.0
5.0
5.0
5.0
5.0
5.0
5.0
5.0
5.0
5.0
5.0
5.0
5.0
6.0
6.0
6.0
8.0
8.0
8.0
8.0
8.0
8.0
8.0
8.0
8.0
8.0
8.0
8.0
8.0
8.0
8.0
10.0
10.0
10.0
11.0
11.0
11.0
11.0
11.0
11.0
11.0
11.0
11.0
11.0
11.0
11.0
11.0
11.0
11.0
11.0
11.0
11.0
11.0
11.0
11.0
11.0
11.0
11.0
11.0
11.0
11.0
11.0
11.0
11.0
11.0
11.0
11.0
11.0
11.0
11.0
11.0
11.0
11.0
13.0
13.0
13.0
14.0
14.0
14.0
14.0
14.0
14.0
16.0
16.0
16.0
16.0
16.0
16.0
16.0
16.0
16.0
16.0
16.0
16.0
16.0
16.0
16.0
18.0
18.0
18.0
18.0
18.0
18.0
18.0
18.0
18.0
20.0
20.0
20.0
21.0
21.0
21.0
21.0
21.0
21.0
21.0
21.0
21.0
21.0
21.0
21.0
21.0
21.0
21.0
21.0
21.0
21.0
21.0
21.0
21.0
21.0
21.0
21.0
21.0
21.0
21.0
21.0
21.0
21.0
21.0
21.0
21.0
21.0
21.0
21.0
21.0
21.0
21.0
21.0
21.0
21.0
21.0
21.0
21.0
21.0
21.0
21.0
21.0
21.0
21.0
21.0
21.0
21.0
21.0
21.0
21.0
21.0
21.0
21.0
21.0
21.0
21.0
21.0
21.0
21.0
21.0
21.0
21.0
21.0
21.0
21.0
21.0
21.0
21.0
21.0
21.0
21.0
21.0
21.0
21.0
21.0
21.0
21.0
21.0
21.0
21.0
21.0
21.0
21.0
21.0
21.0
21.0
21.0
21.0
21.0
21.0
21.0
21.0
21.0
21.0
21.0
21.0
21.0
21.0
21.0
21.0
21.0
21.0
21.0
21.0
21.0
21.0
21.0
21.0
21.0
21.0
21.0
21.0
21.0
21.0
21.0
21.0
21.0
21.0
21.0
21.0
21.0
21.0
21.0
21.0
21.0
21.0
21.0
21.0
21.0
21.0
21.0
21.0
21.0
21.0
21.0
21.0
21.0
21.0
21.0
21.0
21.0
21.0
21.0
21.0
21.0
21.0
21.0
21.0
21.0
21.0
21.0
21.0
21.0
21.0
21.0
21.0
21.0
21.0
21.0
21.0
21.0
21.0
21.0
21.0
21.0
21.0
21.0
21.0
21.0
21.0
21.0
21.0
21.0
21.0
21.0
21.0
21.0
21.0
21.0
21.0
21.0
21.0
21.0
21.0
21.0
21.0
21.0
21.0
21.0
21.0
21.0
21.0
21.0
21.0
21.0
21.0
21.0
21.0
21.0
23.0
23.0
23.0
24.0
24.0
24.0
24.0
24.0
24.0
24.0
24.0
24.0
24.0
24.0
24.0
26.0
26.0
26.0
26.0
26.0
26.0
26.0
26.0
26.0
26.0
26.0
26.0
26.0
26.0
26.0
26.0
26.0
26.0
26.0
26.0
26.0
26.0
26.0
26.0
26.0
26.0
26.0
26.0
26.0
26.0
26.0
26.0
26.0
26.0
26.0
26.0
26.0
26.0
26.0
26.0
26.0
26.0
27.0
27.0
27.0
29.0
29.0
29.0
29.0
29.0
29.0
30.0
30.0
30.0
32.0
32.0
32.0
32.0
32.0
32.0
32.0
32.0
32.0
32.0
32.0
32.0
32.0
32.0
32.0
32.0
32.0
32.0
32.0
32.0
32.0
32.0
32.0
32.0
32.0
32.0
32.0
32.0
32.0
32.0
32.0
32.0
32.0
32.0
32.0
32.0
32.0
32.0
32.0
32.0
32.0
32.0
32.0
32.0
32.0
32.0
32.0
32.0
32.0
32.0
32.0
32.0
32.0
32.0
32.0
32.0
32.0
32.0
32.0
32.0
32.0
32.0
32.0
32.0
32.0
32.0
32.0
32.0
32.0
32.0
32.0
32.0
32.0
32.0
32.0
32.0
32.0
32.0
32.0
32.0
32.0
32.0
32.0
32.0
32.0
32.0
32.0
32.0
32.0
32.0
32.0
32.0
32.0
32.0
32.0
32.0
32.0
32.0
32.0
32.0
32.0
32.0
32.0
32.0
32.0
35.0
35.0
35.0
38.0
38.0
38.0
41.0
41.0
41.0
44.0
44.0
44.0
47.0
47.0
47.0
50.0
50.0
50.0
53.0
53.0
53.0
56.0
56.0
56.0
59.0
59.0
59.0
62.0
62.0
62.0
65.0
65.0
65.0
66.0
66.0
66.0
66.0
66.0
66.0
66.0
66.0
66.0
66.0
66.0
66.0
66.0
66.0
66.0
66.0
66.0
66.0
