0.0
0.0
0.0
0.0
0.0
0.0
0.0
0.0
0.0
0.0
0.0
0.0
0.0
0.0
0.0
0.0
0.0
0.0
0.0
0.0
0.0
0.0
0.0
0.0
0.0
0.0
0.0
0.0
0.0
0.0
0.0
0.0
0.0
0.0
0.0
0.0
0.0
0.0
0.0
0.0
0.0
0.0
0.0
0.0
0.0
0.0
0.0
0.0
0.0
0.0
0.0
0.0
0.0
0.0
0.0
0.0
0.0
0.0
0.0
0.0
0.0
0.0
0.0
0.0
0.0
0.0
0.0
0.0
0.0
0.0
0.0
0.0
0.0
0.0
0.0
0.0
0.0
0.0
0.0
0.0
0.0
0.0
0.0
0.0
0.0
0.0
0.0
0.0
0.0
0.0
0.0
0.0
0.0
0.0
0.0
0.0
0.0
0.0
0.0
0.0
0.0
0.0
0.0
0.0
0.0
0.0
0.0
0.0
0.0
0.0
0.0
0.0
0.0
0.0
0.0
0.0
0.0
0.0
0.0
0.0
0.0
0.0
0.0
0.0
0.0
0.0
0.0
0.0
0.0
0.0
0.0
0.0
0.0
0.0
0.0
0.0
0.0
0.0
0.0
0.0
0.0
0.0
0.0
0.0
0.0
0.0
0.0
0.0
0.0
0.0
0.0
0.0
0.0
0.0
0.0
0.0
0.0
0.0
0.0
0.0
0.0
0.0
0.0
0.0
0.0
0.0
0.0
0.0
0.0
0.0
0.0
0.0
0.0
0.0
0.0
0.0
0.0
0.0
0.0
0.0
0.0
0.0
0.0
0.0
0.0
0.0
0.0
0.0
0.0
0.0
0.0
0.0
0.0
0.0
0.0
0.0
0.0
0.0
0.0
0.0
0.0
0.0
0.0
0.0
0.0
0.0
0.0
0.0
0.0
0.0
0.0
0.0
0.0
0.0
0.0
0.0
0.0
0.0
0.0
0.0
0.0
0.0
0.0
0.0
0.0
0.0
0.0
0.0
0.0
0.0
0.0
0.0
0.0
0.0
0.0
0.0
0.0
0.0
0.0
0.0
0.0
0.0
0.0
0.0
0.0
0.0
0.0
0.0
0.0
0.0
0.0
0.0
0.0
0.0
0.0
0.0
0.0
0.0
0.0
0.0
0.0
0.0
0.0
0.0
0.0
0.0
0.0
0.0
0.0
0.0
0.0
0.0
0.0
0.0
0.0
0.0
0.0
0.0
0.0
0.0
0.0
0.0
0.0
0.0
0.0
0.0
0.0
0.0
0.0
0.0
0.0
0.0
0.0
0.0
0.0
0.0
0.0
0.0
0.0
0.0
0.0
0.0
0.0
0.0
0.0
0.0
0.0
0.0
0.0
0.0
0.0
0.0
0.0
0.0
0.0
0.0
0.0
0.0
0.0
0.0
0.0
0.0
0.0
0.0
0.0
0.0
0.0
0.0
0.0
0.0
0.0
0.0
0.0
0.0
0.0
0.0
0.0
0.0
0.0
0.0
0.0
0.0
0.0
0.0
0.0
0.0
0.0
0.0
0.0
0.0
0.0
0.0
0.0
0.0
0.0
0.0
0.0
0.0
0.0
0.0
0.0
0.0
0.0
0.0
0.0
0.0
0.0
0.0
0.0
0.0
0.0
0.0
0.0
0.0
0.0
0.0
0.0
0.0
0.0
0.0
0.0
0.0
0.0
0.0
0.0
0.0
0.0
0.0
0.0
0.0
0.0
0.0
0.0
0.0
0.0
0.0
0.0
0.0
0.0
0.0
0.0
0.0
0.0
0.0
0.0
0.0
0.0
0.0
0.0
0.0
0.0
0.0
0.0
0.0
0.0
0.0
0.0
0.0
0.0
0.0
0.0
-3.0
-3.0
-3.0
-6.0
-6.0
-6.0
-9.0
-9.0
-9.0
-12.0
-12.0
-12.0
-15.0
-15.0
-15.0
-18.0
-18.0
-18.0
-21.0
-21.0
-21.0
-24.0
-24.0
-24.0
-25.0
-25.0
-25.0
-26.0
-26.0
-26.0
-29.0
-29.0
-29.0
-32.0
-32.0
-32.0
-35.0
-35.0
-35.0
-38.0
-38.0
-38.0
-41.0
-41.0
-41.0
-44.0
-44.0
-44.0
-47.0
-47.0
-47.0
-50.0
-50.0
-50.0
-53.0
-53.0
-53.0
-56.0
-56.0
-56.0
-59.0
-59.0
-59.0
-62.0
-62.0
-62.0
-65.0
-65.0
-65.0
-68.0
-68.0
-68.0
-71.0
-71.0
-71.0
-74.0
-74.0
-74.0
-77.0
-77.0
-77.0
-80.0
-80.0
-80.0
-83.0
-83.0
-83.0
-86.0
-86.0
-86.0
-89.0
-89.0
-89.0
-92.0
-92.0
-92.0
-95.0
-95.0
-95.0
-98.0
-98.0
-98.0
-101.0
-101.0
-101.0
-104.0
-104.0
-104.0
-107.0
-107.0
-107.0
-110.0
-110.0
-110.0
-110.0
-110.0
-110.0
-110.0
-110.0
-110.0
-110.0
-110.0
-110.0
-110.0
-110.0
-110.0
-110.0
-110.0
-110.0
-110.0
-110.0
-110.0
-110.0
-110.0
-110.0
-110.0
-110.0
-110.0
-110.0
-110.0
-110.0
-110.0
-110.0
-110.0
-111.0
-111.0
-111.0
-114.0
-114.0
-114.0
-117.0
-117.0
-117.0
-118.0
-118.0
-118.0
-116.0
-116.0
-116.0
-113.0
-113.0
-113.0
-110.0
-110.0
-110.0
-107.0
-107.0
-107.0
-104.0
-104.0
-104.0
-101.0
-101.0
-101.0
-98.0
-98.0
-98.0
-95.0
-95.0
-95.0
-92.0
-92.0
-92.0
-89.0
-89.0
-89.0
-86.0
-86.0
-86.0
-83.0
-83.0
-83.0
-80.0
-80.0
-80.0
-77.0
-77.0
-77.0
-74.0
-74.0
-74.0
-71.0
-71.0
-71.0
-68.0
-68.0
-68.0
-65.0
-65.0
-62.0
-62.0
-62.0
-59.0
-59.0
-59.0
-56.0
-56.0
-56.0
-53.0
-53.0
-53.0
-50.0
-50.0
-50.0
-47.0
-47.0
-47.0
-46.0
-46.0
-46.0
-46.0
-46.0
-46.0
-46.0
-46.0
-46.0
-46.0
-46.0
-46.0
-46.0
-46.0
-46.0
-46.0
-46.0
-46.0
-46.0
-46.0
-46.0
-46.0
-46.0
-46.0
-47.0
-47.0
-47.0
-50.0
-50.0
-50.0
-50.0
-50.0
-50.0
-50.0
-50.0
-50.0
-50.0
-50.0
-50.0
-50.0
-50.0
-50.0
-50.0
-50.0
-50.0
-50.0
-50.0
-50.0
-50.0
-50.0
-50.0
-50.0
-50.0
-50.0
-50.0
-50.0
-50.0
-50.0
-50.0
-50.0
-50.0
-50.0
-50.0
-50.0
-50.0
-50.0
-50.0
-50.0
-50.0
-50.0
-50.0
-50.0
-50.0
-50.0
-50.0
-50.0
-50.0
-50.0
-50.0
-50.0
-50.0
-50.0
-50.0
-50.0
-50.0
-50.0
-50.0
-50.0
-50.0
-50.0
-50.0
-50.0
-50.0
-50.0
-50.0
-50.0
-50.0
-50.0
-50.0
-50.0
-50.0
-50.0
-50.0
-50.0
-50.0
-50.0
-50.0
-50.0
-50.0
-50.0
-50.0
-50.0
-50.0
-50.0
-50.0
-50.0
-50.0
-50.0
-50.0
-50.0
-50.0
-50.0
-50.0
-50.0
-50.0
-50.0
-50.0
-50.0
-50.0
-50.0
-50.0
-50.0
-50.0
-50.0
-50.0
-50.0
-50.0
-50.0
-50.0
-50.0
-50.0
-50.0
-50.0
-50.0
-50.0
-50.0
-50.0
-50.0
-50.0
-50.0
-50.0
-50.0
-50.0
-50.0
-50.0
-50.0
-50.0
-50.0
-50.0
-50.0
-50.0
-50.0
-50.0
-50.0
-50.0
-50.0
-50.0
-50.0
-50.0
-50.0
-50.0
-50.0
-50.0
-50.0
-53.0
-53.0
-53.0
-56.0
-56.0
-56.0
-59.0
-59.0
-59.0
-62.0
-62.0
-62.0
-65.0
-65.0
-65.0
-68.0
-68.0
-68.0
-71.0
-71.0
-71.0
-74.0
-74.0
-74.0
-77.0
-77.0
-77.0
-80.0
-80.0
-80.0
-83.0
-83.0
-83.0
-86.0
-86.0
-86.0
-89.0
-89.0
-89.0
-92.0
-92.0
-92.0
-95.0
-95.0
-95.0
-98.0
-98.0
-98.0
-101.0
-101.0
-101.0
-104.0
-104.0
-104.0
-107.0
-107.0
-107.0
-110.0
-110.0
-110.0
-113.0
-113.0
-113.0
-116.0
-116.0
-116.0
-119.0
-119.0
-119.0
-122.0
-122.0
-122.0
-125.0
-125.0
-125.0
-128.0
-128.0
-128.0
-131.0
-131.0
-131.0
-134.0
-134.0
-134.0
-137.0
-137.0
-137.0
-140.0
-140.0
-140.0
-143.0
-143.0
-143.0
-146.0
-146.0
-146.0
-149.0
-149.0
-149.0
-152.0
-152.0
-152.0
-155.0
-155.0
-155.0
-158.0
-158.0
-158.0
-161.0
-161.0
-161.0
-163.0
-163.0
-163.0
-163.0
-163.0
-163.0
-163.0
-163.0
-163.0
