0.0
0.0
0.0
0.0
0.0
0.0
0.0
0.0
0.0
0.0
0.0
0.0
0.0
0.0
0.0
0.0
0.0
0.0
0.0
0.0
0.0
0.0
0.0
-2.0
-2.0
-2.0
-3.0
-3.0
-3.0
-3.0
-3.0
-3.0
-3.0
-3.0
-2.0
-2.0
-2.0
0.0
0.0
0.0
0.0
0.0
0.0
0.0
0.0
0.0
0.0
0.0
0.0
0.0
0.0
0.0
0.0
0.0
0.0
0.0
0.0
0.0
0.0
0.0
0.0
0.0
0.0
0.0
0.0
0.0
0.0
0.0
0.0
0.0
0.0
0.0
0.0
0.0
0.0
0.0
0.0
0.0
0.0
0.0
0.0
0.0
0.0
0.0
0.0
0.0
0.0
0.0
0.0
0.0
0.0
0.0
0.0
0.0
0.0
0.0
0.0
0.0
0.0
0.0
0.0
-1.0
-1.0
-1.0
-4.0
-4.0
-4.0
-7.0
-7.0
-7.0
-8.0
-8.0
-8.0
-8.0
-8.0
-8.0
-8.0
-8.0
-8.0
-8.0
-8.0
-8.0
-8.0
-8.0
-8.0
-8.0
-8.0
-8.0
-8.0
-8.0
-9.0
-9.0
-9.0
-9.0
-9.0
-9.0
-10.0
-10.0
-10.0
-13.0
-13.0
-13.0
-14.0
-14.0
-14.0
-16.0
-16.0
-16.0
-18.0
-18.0
-19.0
-19.0
-19.0
-19.0
-19.0
-19.0
-21.0
-21.0
-21.0
-22.0
-22.0
-22.0
-22.0
-22.0
-22.0
-22.0
-22.0
-22.0
-22.0
-22.0
-22.0
-23.0
-23.0
-23.0
-23.0
-23.0
-23.0
-25.0
-25.0
-25.0
-25.0
-25.0
-28.0
-28.0
-28.0
-31.0
-31.0
-31.0
-34.0
-34.0
-34.0
-34.0
-34.0
-34.0
-34.0
-34.0
-34.0
-34.0
-34.0
-34.0
-34.0
-34.0
-34.0
-34.0
-34.0
-34.0
-34.0
-34.0
-34.0
-34.0
-34.0
-34.0
-34.0
-34.0
-34.0
-34.0
-34.0
-34.0
-34.0
-34.0
-34.0
-34.0
-34.0
-35.0
-35.0
-35.0
-35.0
-35.0
-35.0
-35.0
-35.0
-35.0
-35.0
-35.0
-35.0
-36.0
-36.0
-36.0
-36.0
-36.0
-37.0
-37.0
-37.0
-39.0
-39.0
-39.0
-39.0
-39.0
-39.0
-39.0
-39.0
-39.0
-42.0
-42.0
-42.0
-42.0
-42.0
-42.0
-42.0
-42.0
-42.0
-42.0
-42.0
-42.0
-42.0
-42.0
-42.0
-42.0
-42.0
-42.0
-42.0
-42.0
-42.0
-42.0
-42.0
-42.0
-42.0
-42.0
-42.0
-42.0
-42.0
-42.0
-42.0
-42.0
-45.0
-45.0
-45.0
-45.0
-45.0
-45.0
-45.0
-45.0
-45.0
-45.0
-45.0
-45.0
-45.0
-45.0
-45.0
-45.0
-45.0
-45.0
-45.0
-45.0
-45.0
-45.0
-45.0
-45.0
-45.0
-45.0
-45.0
-45.0
-45.0
-45.0
-45.0
-45.0
-45.0
-45.0
-45.0
-45.0
-45.0
-45.0
-45.0
-45.0
-45.0
-45.0
-45.0
-45.0
-45.0
-45.0
-45.0
-45.0
-45.0
-45.0
-45.0
-45.0
-45.0
-45.0
-45.0
-45.0
-45.0
-45.0
-45.0
-45.0
-45.0
-45.0
-45.0
-45.0
-45.0
-45.0
-45.0
-45.0
-45.0
-45.0
-45.0
-45.0
-45.0
-45.0
-45.0
-45.0
-45.0
-45.0
-45.0
-45.0
-45.0
-45.0
-45.0
-45.0
-45.0
-45.0
-45.0
-45.0
-45.0
-45.0
-45.0
-45.0
-45.0
-45.0
-45.0
-45.0
-45.0
-45.0
-45.0
-45.0
-45.0
-45.0
-45.0
-45.0
-45.0
-45.0
-45.0
-45.0
-45.0
-45.0
-45.0
-45.0
-45.0
-45.0
-45.0
-45.0
-45.0
-45.0
-45.0
-48.0
-48.0
-48.0
-51.0
-51.0
-51.0
-51.0
-51.0
-51.0
-51.0
-51.0
-51.0
-51.0
-51.0
-51.0
-54.0
-54.0
-56.0
-56.0
-56.0
-56.0
-56.0
-56.0
-56.0
-56.0
-56.0
-56.0
-56.0
-56.0
-57.0
-57.0
-57.0
-59.0
-59.0
-59.0
-59.0
-59.0
-59.0
-59.0
-59.0
-59.0
-59.0
-59.0
-59.0
-59.0
-59.0
-59.0
-59.0
-59.0
-59.0
-59.0
-59.0
-59.0
-59.0
-59.0
-59.0
-59.0
-59.0
-59.0
-59.0
-59.0
-59.0
-59.0
-59.0
-59.0
-59.0
-59.0
-59.0
-59.0
-59.0
-59.0
-59.0
-59.0
-59.0
-59.0
-59.0
-59.0
-59.0
-59.0
-59.0
-59.0
-59.0
-59.0
-59.0
-59.0
-59.0
-59.0
-59.0
-59.0
-59.0
-59.0
-59.0
-59.0
-59.0
-59.0
-59.0
-59.0
-59.0
-59.0
-59.0
-59.0
-59.0
-59.0
-59.0
-59.0
-59.0
-59.0
-59.0
-59.0
-59.0
-59.0
-59.0
-59.0
-59.0
-59.0
-59.0
-59.0
-59.0
-59.0
-59.0
-59.0
-59.0
-59.0
-59.0
-59.0
-59.0
-59.0
-59.0
-59.0
-59.0
-59.0
-59.0
-59.0
-59.0
-59.0
-59.0
-59.0
-59.0
-59.0
-62.0
-62.0
-62.0
-62.0
-62.0
-62.0
-62.0
-62.0
-62.0
-62.0
-62.0
-62.0
-62.0
-62.0
-62.0
-62.0
-62.0
-62.0
-62.0
-62.0
-62.0
-62.0
-62.0
-62.0
-62.0
-62.0
-62.0
-62.0
-62.0
-62.0
-62.0
-62.0
-62.0
-62.0
-62.0
-62.0
-62.0
-62.0
-62.0
-62.0
-62.0
-62.0
-62.0
-62.0
-62.0
-62.0
-62.0
-62.0
-62.0
-62.0
-62.0
-62.0
-62.0
-64.0
-64.0
-64.0
-66.0
-66.0
-66.0
-66.0
-66.0
-66.0
-66.0
-66.0
-68.0
-68.0
-68.0
-71.0
-71.0
-71.0
-72.0
-72.0
-72.0
-72.0
-72.0
-72.0
-74.0
-74.0
-74.0
-77.0
-77.0
-77.0
-79.0
-79.0
-79.0
-79.0
-79.0
-79.0
-82.0
-82.0
-85.0
-85.0
-85.0
-86.0
-86.0
-86.0
-86.0
-86.0
-86.0
-87.0
-87.0
-87.0
-90.0
-90.0
-90.0
-90.0
-90.0
-90.0
-90.0
-90.0
-90.0
-90.0
-90.0
-90.0
-90.0
-90.0
-90.0
-93.0
-93.0
-96.0
-96.0
-96.0
-99.0
-99.0
-99.0
-100.0
-100.0
-100.0
-100.0
-100.0
-100.0
-100.0
-100.0
-100.0
-100.0
-100.0
-100.0
-100.0
-100.0
-100.0
-100.0
-100.0
-100.0
-100.0
-100.0
-100.0
-100.0
-100.0
-101.0
-101.0
-101.0
-103.0
-103.0
-103.0
-103.0
-103.0
-103.0
-103.0
-103.0
-103.0
-105.0
-105.0
-105.0
-106.0
-106.0
-106.0
-106.0
-106.0
-106.0
-106.0
-106.0
-106.0
-108.0
-108.0
-108.0
-110.0
-110.0
-110.0
