0.0
0.0
0.0
0.0
0.0
0.0
0.0
0.0
0.0
0.0
0.0
0.0
0.0
0.0
0.0
0.0
0.0
0.0
0.0
0.0
0.0
0.0
0.0
0.0
0.0
0.0
0.0
0.0
0.0
0.0
0.0
0.0
0.0
0.0
0.0
0.0
0.0
0.0
0.0
0.0
0.0
0.0
0.0
0.0
0.0
0.0
0.0
0.0
0.0
0.0
0.0
0.0
0.0
0.0
0.0
0.0
0.0
0.0
0.0
0.0
0.0
0.0
0.0
0.0
0.0
0.0
0.0
0.0
0.0
0.0
0.0
0.0
0.0
0.0
0.0
0.0
0.0
0.0
0.0
0.0
0.0
0.0
0.0
0.0
0.0
0.0
0.0
0.0
0.0
0.0
0.0
0.0
0.0
0.0
0.0
0.0
0.0
0.0
0.0
0.0
0.0
0.0
0.0
0.0
0.0
0.0
0.0
0.0
0.0
0.0
0.0
0.0
0.0
0.0
0.0
0.0
0.0
0.0
0.0
0.0
0.0
0.0
0.0
0.0
0.0
0.0
0.0
0.0
0.0
0.0
0.0
0.0
0.0
0.0
0.0
0.0
0.0
0.0
0.0
0.0
0.0
0.0
0.0
0.0
0.0
0.0
0.0
0.0
0.0
0.0
0.0
0.0
0.0
0.0
0.0
0.0
0.0
0.0
0.0
0.0
0.0
0.0
0.0
0.0
0.0
0.0
0.0
0.0
0.0
0.0
0.0
0.0
0.0
0.0
0.0
0.0
0.0
0.0
0.0
0.0
0.0
0.0
0.0
0.0
0.0
0.0
0.0
0.0
0.0
0.0
0.0
0.0
0.0
0.0
0.0
0.0
0.0
0.0
0.0
0.0
0.0
0.0
0.0
0.0
0.0
0.0
0.0
0.0
0.0
0.0
0.0
0.0
0.0
0.0
0.0
0.0
0.0
0.0
0.0
0.0
0.0
0.0
0.0
0.0
0.0
0.0
0.0
0.0
0.0
0.0
0.0
0.0
0.0
0.0
0.0
0.0
0.0
0.0
0.0
0.0
0.0
0.0
0.0
0.0
0.0
0.0
0.0
0.0
0.0
0.0
0.0
2.0
2.0
2.0
5.0
5.0
5.0
8.0
8.0
8.0
11.0
11.0
11.0
14.0
14.0
14.0
15.0
15.0
15.0
15.0
15.0
15.0
15.0
15.0
15.0
15.0
15.0
15.0
15.0
15.0
15.0
15.0
15.0
15.0
15.0
15.0
15.0
18.0
18.0
18.0
21.0
21.0
21.0
24.0
24.0
24.0
27.0
27.0
27.0
29.0
29.0
29.0
29.0
29.0
29.0
30.0
30.0
30.0
30.0
30.0
30.0
30.0
30.0
30.0
31.0
31.0
31.0
34.0
34.0
34.0
37.0
37.0
37.0
40.0
40.0
40.0
43.0
43.0
43.0
46.0
46.0
46.0
49.0
49.0
49.0
52.0
52.0
52.0
55.0
55.0
55.0
58.0
58.0
58.0
61.0
61.0
61.0
64.0
64.0
64.0
67.0
67.0
67.0
70.0
70.0
70.0
73.0
73.0
73.0
76.0
76.0
76.0
79.0
79.0
79.0
82.0
82.0
82.0
85.0
85.0
85.0
88.0
88.0
88.0
91.0
91.0
91.0
94.0
94.0
94.0
97.0
97.0
97.0
100.0
100.0
100.0
103.0
103.0
103.0
106.0
106.0
106.0
109.0
109.0
109.0
112.0
112.0
112.0
115.0
115.0
115.0
118.0
118.0
118.0
121.0
121.0
121.0
124.0
124.0
124.0
127.0
127.0
127.0
130.0
130.0
130.0
133.0
133.0
133.0
136.0
136.0
136.0
139.0
139.0
139.0
141.0
141.0
141.0
141.0
141.0
141.0
141.0
141.0
141.0
141.0
141.0
141.0
141.0
141.0
141.0
141.0
141.0
141.0
141.0
141.0
141.0
141.0
141.0
141.0
141.0
141.0
141.0
141.0
141.0
141.0
141.0
141.0
141.0
141.0
141.0
141.0
141.0
141.0
141.0
141.0
141.0
141.0
141.0
141.0
141.0
141.0
141.0
141.0
141.0
141.0
141.0
141.0
141.0
141.0
141.0
141.0
141.0
141.0
141.0
141.0
141.0
141.0
141.0
141.0
141.0
141.0
141.0
141.0
141.0
141.0
141.0
141.0
141.0
141.0
141.0
141.0
141.0
141.0
141.0
141.0
141.0
141.0
141.0
141.0
141.0
141.0
141.0
141.0
141.0
141.0
141.0
141.0
141.0
141.0
141.0
141.0
141.0
141.0
141.0
141.0
141.0
141.0
141.0
141.0
141.0
141.0
141.0
141.0
141.0
141.0
141.0
141.0
141.0
141.0
141.0
141.0
141.0
141.0
141.0
141.0
144.0
144.0
144.0
147.0
147.0
147.0
150.0
150.0
150.0
153.0
153.0
153.0
156.0
156.0
156.0
159.0
159.0
159.0
162.0
162.0
162.0
165.0
165.0
165.0
168.0
168.0
168.0
171.0
171.0
171.0
174.0
174.0
174.0
177.0
177.0
177.0
180.0
180.0
180.0
183.0
183.0
183.0
186.0
186.0
186.0
189.0
189.0
189.0
192.0
192.0
192.0
195.0
195.0
195.0
198.0
198.0
198.0
201.0
201.0
201.0
204.0
204.0
204.0
207.0
207.0
207.0
210.0
210.0
210.0
213.0
213.0
213.0
216.0
216.0
216.0
219.0
219.0
219.0
220.0
220.0
220.0
220.0
220.0
220.0
220.0
220.0
220.0
220.0
220.0
220.0
220.0
220.0
220.0
220.0
220.0
220.0
220.0
220.0
220.0
223.0
223.0
223.0
226.0
226.0
226.0
229.0
229.0
229.0
230.0
230.0
230.0
230.0
230.0
230.0
230.0
230.0
230.0
230.0
230.0
230.0
230.0
230.0
230.0
230.0
230.0
230.0
231.0
231.0
231.0
234.0
234.0
234.0
237.0
237.0
237.0
240.0
240.0
240.0
243.0
243.0
243.0
246.0
246.0
246.0
249.0
249.0
249.0
252.0
252.0
252.0
255.0
255.0
255.0
258.0
258.0
258.0
261.0
261.0
261.0
264.0
264.0
264.0
267.0
267.0
267.0
270.0
270.0
270.0
273.0
273.0
273.0
276.0
276.0
276.0
279.0
279.0
279.0
282.0
282.0
282.0
285.0
285.0
285.0
288.0
288.0
288.0
291.0
291.0
291.0
294.0
294.0
294.0
297.0
297.0
297.0
300.0
300.0
300.0
303.0
303.0
303.0
306.0
306.0
306.0
309.0
309.0
309.0
312.0
312.0
312.0
315.0
315.0
315.0
318.0
318.0
318.0
321.0
321.0
321.0
324.0
324.0
324.0
327.0
327.0
327.0
330.0
330.0
330.0
333.0
333.0
333.0
336.0
336.0
336.0
339.0
339.0
339.0
342.0
342.0
342.0
345.0
345.0
345.0
348.0
348.0
348.0
351.0
351.0
351.0
354.0
354.0
354.0
357.0
357.0
357.0
360.0
360.0
360.0
363.0
363.0
363.0
366.0
366.0
366.0
369.0
369.0
369.0
372.0
372.0
372.0
375.0
375.0
375.0
378.0
378.0
378.0
381.0
381.0
381.0
384.0
384.0
384.0
387.0
387.0
387.0
