0.0
0.0
0.0
0.0
0.0
0.0
0.0
0.0
0.0
0.0
0.0
0.0
0.0
0.0
0.0
0.0
0.0
0.0
0.0
0.0
0.0
0.0
0.0
0.0
0.0
0.0
0.0
0.0
0.0
0.0
0.0
0.0
0.0
0.0
0.0
0.0
0.0
0.0
0.0
0.0
0.0
0.0
0.0
0.0
0.0
0.0
0.0
0.0
0.0
0.0
0.0
0.0
0.0
0.0
0.0
0.0
0.0
0.0
0.0
0.0
0.0
-2.0
-2.0
-2.0
-4.0
-4.0
-7.0
-7.0
-7.0
-9.0
-9.0
-9.0
-9.0
-9.0
-9.0
-9.0
-9.0
-9.0
-9.0
-9.0
-9.0
-9.0
-9.0
-9.0
-9.0
-9.0
-9.0
-9.0
-9.0
-9.0
-9.0
-9.0
-9.0
-9.0
-9.0
-9.0
-9.0
-9.0
-9.0
-9.0
-9.0
-9.0
-9.0
-10.0
-10.0
-12.0
-12.0
-12.0
-15.0
-15.0
-15.0
-17.0
-17.0
-17.0
-19.0
-19.0
-22.0
-22.0
-22.0
-23.0
-23.0
-23.0
-25.0
-25.0
-25.0
-28.0
-28.0
-28.0
-30.0
-30.0
-33.0
-33.0
-33.0
-35.0
-35.0
-35.0
-38.0
-38.0
-38.0
-41.0
-41.0
-44.0
-44.0
-44.0
-47.0
-47.0
-47.0
-50.0
-50.0
-50.0
-53.0
-53.0
-53.0
-55.0
-55.0
-58.0
-58.0
-58.0
-60.0
-60.0
-60.0
-63.0
-63.0
-63.0
-66.0
-66.0
-66.0
-69.0
-69.0
-72.0
-72.0
-72.0
-75.0
-75.0
-75.0
-78.0
-78.0
-78.0
-81.0
-81.0
-84.0
-84.0
-84.0
-87.0
-87.0
-87.0
-89.0
-89.0
-89.0
-92.0
-92.0
-92.0
-95.0
-95.0
-98.0
-98.0
-98.0
-101.0
-101.0
-101.0
-104.0
-104.0
-104.0
-107.0
-107.0
-107.0
-110.0
-110.0
-113.0
-113.0
-113.0
-116.0
-116.0
-116.0
-119.0
-119.0
-119.0
-122.0
-122.0
-125.0
-125.0
-125.0
-128.0
-128.0
-128.0
-130.0
-130.0
-130.0
-130.0
-130.0
-130.0
-132.0
-132.0
-135.0
-135.0
-135.0
-138.0
-138.0
-138.0
-141.0
-141.0
-141.0
-144.0
-144.0
-144.0
