0.0
0.0
0.0
0.0
0.0
0.0
0.0
0.0
0.0
0.0
0.0
0.0
0.0
0.0
0.0
0.0
0.0
0.0
0.0
0.0
0.0
0.0
0.0
0.0
0.0
0.0
0.0
0.0
0.0
0.0
0.0
0.0
0.0
0.0
0.0
0.0
0.0
0.0
0.0
0.0
0.0
0.0
0.0
0.0
0.0
0.0
0.0
0.0
0.0
0.0
0.0
0.0
0.0
0.0
0.0
0.0
0.0
0.0
0.0
0.0
0.0
0.0
0.0
0.0
0.0
0.0
0.0
0.0
0.0
0.0
0.0
0.0
0.0
0.0
0.0
0.0
0.0
0.0
0.0
0.0
0.0
0.0
0.0
0.0
0.0
0.0
0.0
0.0
0.0
0.0
0.0
0.0
0.0
0.0
0.0
0.0
0.0
0.0
0.0
0.0
0.0
0.0
0.0
0.0
0.0
0.0
0.0
0.0
0.0
0.0
0.0
0.0
0.0
0.0
0.0
0.0
0.0
0.0
0.0
0.0
0.0
0.0
0.0
0.0
0.0
0.0
0.0
0.0
0.0
0.0
0.0
0.0
0.0
0.0
0.0
0.0
0.0
0.0
0.0
0.0
-1.0
-1.0
-1.0
-4.0
-4.0
-4.0
-7.0
-7.0
-7.0
-10.0
-10.0
-10.0
-13.0
-13.0
-13.0
-16.0
-16.0
-16.0
-19.0
-19.0
-19.0
-22.0
-22.0
-22.0
-23.0
-23.0
-23.0
-24.0
-24.0
-24.0
-24.0
-24.0
-24.0
-25.0
-25.0
-25.0
-25.0
-25.0
-25.0
-27.0
-27.0
-27.0
-28.0
-28.0
-28.0
-30.0
-30.0
-30.0
-32.0
-32.0
-32.0
-34.0
-34.0
-34.0
-36.0
-36.0
-36.0
-37.0
-37.0
-37.0
-39.0
-39.0
-39.0
-40.0
-40.0
-40.0
-41.0
-41.0
-41.0
-42.0
-42.0
-42.0
-44.0
-44.0
-44.0
-46.0
-46.0
-46.0
-48.0
-48.0
-48.0
-50.0
-50.0
-50.0
-51.0
-51.0
-51.0
-52.0
-52.0
-52.0
-53.0
-53.0
-53.0
-55.0
-55.0
-55.0
-57.0
-57.0
-57.0
-57.0
-57.0
-57.0
-58.0
-58.0
-58.0
-58.0
-58.0
-58.0
-58.0
-58.0
-58.0
-59.0
-59.0
-59.0
-57.0
-57.0
-57.0
-57.0
-57.0
-57.0
-54.0
-54.0
-54.0
-51.0
-51.0
-51.0
-50.0
-50.0
-50.0
-51.0
-51.0
-51.0
-51.0
-51.0
-51.0
-51.0
-51.0
-51.0
-51.0
-51.0
-51.0
-50.0
-50.0
-50.0
-47.0
-47.0
-47.0
-44.0
-44.0
-44.0
-41.0
-41.0
-41.0
-38.0
-38.0
-38.0
-39.0
-39.0
-39.0
-42.0
-42.0
-42.0
-45.0
-45.0
-45.0
-48.0
-48.0
-48.0
-51.0
-51.0
-51.0
-54.0
-54.0
-54.0
-57.0
-57.0
-57.0
-60.0
-60.0
-60.0
-63.0
-63.0
-63.0
-66.0
-66.0
-66.0
-69.0
-69.0
-69.0
-72.0
-72.0
-72.0
-72.0
-72.0
-72.0
-72.0
-72.0
-72.0
-72.0
-72.0
-72.0
-72.0
-72.0
-72.0
-72.0
-72.0
-72.0
-72.0
-72.0
-72.0
-72.0
-72.0
-72.0
-72.0
-72.0
-72.0
-72.0
-72.0
-72.0
-72.0
-72.0
-72.0
-72.0
-72.0
-72.0
-72.0
-72.0
-72.0
-72.0
-72.0
-72.0
-72.0
-72.0
-72.0
-72.0
-72.0
-72.0
-72.0
-72.0
-72.0
-72.0
-72.0
-72.0
-72.0
-72.0
-72.0
-72.0
-72.0
-72.0
-72.0
-72.0
-72.0
-72.0
-72.0
-72.0
-72.0
-72.0
-72.0
-72.0
-72.0
-72.0
-72.0
-72.0
-72.0
-72.0
-72.0
-72.0
-72.0
-72.0
-72.0
-72.0
-72.0
-72.0
-72.0
-72.0
-72.0
-72.0
-72.0
-72.0
-72.0
-72.0
-72.0
-72.0
-72.0
-72.0
-72.0
-72.0
-72.0
-72.0
-72.0
-72.0
-72.0
-72.0
-72.0
-72.0
-72.0
-72.0
-72.0
-72.0
-72.0
-72.0
-72.0
-72.0
-72.0
-72.0
-72.0
-72.0
-72.0
-72.0
-72.0
-72.0
-72.0
-72.0
-72.0
-72.0
-72.0
-72.0
-72.0
-72.0
-72.0
-72.0
-72.0
-72.0
-72.0
-72.0
-72.0
-72.0
-72.0
-72.0
-72.0
-72.0
-72.0
-72.0
-72.0
-72.0
-72.0
-72.0
-72.0
-72.0
-72.0
-72.0
-72.0
-72.0
-72.0
-72.0
-72.0
-72.0
-72.0
-72.0
-72.0
-72.0
-72.0
-72.0
-72.0
-72.0
-72.0
-72.0
-72.0
-72.0
-72.0
-72.0
-72.0
-72.0
-72.0
-72.0
-72.0
-72.0
-72.0
-72.0
-72.0
-72.0
-72.0
-72.0
-72.0
-72.0
-72.0
-72.0
-72.0
-72.0
-72.0
-72.0
-74.0
-74.0
-74.0
-77.0
-77.0
-77.0
-78.0
-78.0
-78.0
-78.0
-78.0
-78.0
-78.0
-78.0
-78.0
-78.0
-78.0
-78.0
-78.0
-78.0
-78.0
-79.0
-79.0
-79.0
-82.0
-82.0
-82.0
-85.0
-85.0
-85.0
-88.0
-88.0
-88.0
-91.0
-91.0
-91.0
-94.0
-94.0
-94.0
-97.0
-97.0
-97.0
-100.0
-100.0
-100.0
-103.0
-103.0
-103.0
-106.0
-106.0
-106.0
-109.0
-109.0
-109.0
-110.0
-110.0
-110.0
-110.0
-110.0
-110.0
-110.0
-110.0
-110.0
-110.0
-110.0
-110.0
-110.0
-110.0
-110.0
-110.0
-110.0
-110.0
-110.0
-110.0
-110.0
-110.0
-110.0
-110.0
-110.0
-110.0
-110.0
-110.0
-110.0
-110.0
-110.0
-110.0
-110.0
-110.0
-110.0
-110.0
-110.0
-110.0
-110.0
-110.0
-110.0
-110.0
-110.0
-110.0
-110.0
-110.0
-110.0
-110.0
-110.0
-110.0
-110.0
-110.0
-110.0
-110.0
-110.0
-110.0
-110.0
-110.0
-110.0
-110.0
-110.0
-110.0
-110.0
-110.0
-110.0
-110.0
-110.0
-110.0
-110.0
-110.0
-110.0
-110.0
