0.0
0.0
0.0
0.0
0.0
0.0
0.0
0.0
0.0
0.0
0.0
0.0
0.0
0.0
0.0
0.0
0.0
0.0
0.0
0.0
0.0
0.0
0.0
0.0
0.0
0.0
0.0
0.0
0.0
0.0
0.0
0.0
0.0
0.0
0.0
0.0
0.0
0.0
0.0
0.0
0.0
0.0
0.0
0.0
0.0
0.0
0.0
0.0
0.0
0.0
2.0
2.0
2.0
5.0
5.0
5.0
8.0
8.0
8.0
9.0
9.0
9.0
9.0
9.0
9.0
9.0
9.0
9.0
9.0
9.0
9.0
9.0
9.0
9.0
9.0
9.0
9.0
9.0
9.0
9.0
11.0
11.0
11.0
14.0
14.0
14.0
17.0
17.0
17.0
20.0
20.0
20.0
20.0
20.0
20.0
20.0
20.0
20.0
20.0
20.0
20.0
20.0
20.0
20.0
20.0
20.0
20.0
20.0
20.0
20.0
23.0
23.0
23.0
26.0
26.0
26.0
29.0
29.0
29.0
32.0
32.0
32.0
34.0
34.0
34.0
34.0
34.0
34.0
34.0
34.0
34.0
35.0
35.0
35.0
38.0
38.0
38.0
40.0
40.0
40.0
40.0
40.0
40.0
40.0
40.0
40.0
38.0
38.0
38.0
35.0
35.0
35.0
32.0
32.0
32.0
29.0
29.0
29.0
26.0
26.0
26.0
23.0
23.0
23.0
20.0
20.0
20.0
17.0
17.0
17.0
14.0
14.0
14.0
11.0
11.0
11.0
8.0
8.0
8.0
5.0
5.0
5.0
2.0
2.0
2.0
-1.0
-1.0
-1.0
-4.0
-4.0
-4.0
-7.0
-7.0
-7.0
-10.0
-10.0
-10.0
-13.0
-13.0
-13.0
-16.0
-16.0
-16.0
-19.0
-19.0
-22.0
-22.0
-22.0
-25.0
-25.0
-25.0
-28.0
-28.0
-28.0
-31.0
-31.0
-31.0
-34.0
-34.0
-34.0
-37.0
-37.0
-37.0
-40.0
-40.0
-40.0
-43.0
-43.0
-43.0
-46.0
-46.0
-46.0
-49.0
-49.0
-49.0
-52.0
-52.0
-52.0
-55.0
-55.0
-55.0
-58.0
-58.0
-58.0
-61.0
-61.0
-61.0
-64.0
-64.0
-64.0
-67.0
-67.0
-67.0
-70.0
-70.0
-70.0
-73.0
-73.0
-73.0
-76.0
-76.0
-76.0
-79.0
-79.0
-79.0
-82.0
-82.0
-82.0
-85.0
-85.0
-85.0
-88.0
-88.0
-88.0
-91.0
-91.0
-91.0
-93.0
-93.0
-93.0
-93.0
-93.0
-93.0
-93.0
-93.0
-93.0
-93.0
-93.0
-93.0
-93.0
-93.0
-93.0
-93.0
-93.0
-93.0
-93.0
-93.0
-93.0
-93.0
-93.0
-93.0
-95.0
-95.0
-95.0
-98.0
-98.0
-98.0
-101.0
-101.0
-101.0
-104.0
-104.0
-104.0
-107.0
-107.0
-107.0
-110.0
-110.0
-110.0
-113.0
-113.0
-113.0
-116.0
-116.0
-116.0
-119.0
-119.0
-119.0
-122.0
-122.0
-122.0
-125.0
-125.0
-125.0
-128.0
-128.0
-128.0
-131.0
-131.0
-131.0
-133.0
-133.0
-133.0
-133.0
-133.0
-133.0
-133.0
-133.0
-133.0
-133.0
-133.0
-133.0
-133.0
-133.0
-133.0
-133.0
-133.0
-133.0
-133.0
-133.0
-133.0
-135.0
-135.0
-135.0
-138.0
-138.0
-138.0
-141.0
-141.0
-141.0
-144.0
-144.0
-144.0
-147.0
-147.0
-147.0
-150.0
-150.0
-150.0
-153.0
-153.0
-153.0
-156.0
-156.0
-156.0
-159.0
-159.0
-159.0
-160.0
-160.0
-160.0
-160.0
-160.0
-160.0
-160.0
-160.0
-160.0
-160.0
-160.0
-160.0
-162.0
-162.0
-162.0
-165.0
-165.0
-165.0
