0.0
0.0
0.0
0.0
0.0
0.0
0.0
0.0
0.0
0.0
0.0
0.0
0.0
0.0
0.0
0.0
0.0
0.0
0.0
0.0
0.0
0.0
0.0
0.0
0.0
0.0
0.0
0.0
0.0
0.0
0.0
0.0
0.0
0.0
0.0
0.0
0.0
0.0
0.0
0.0
0.0
0.0
0.0
0.0
0.0
0.0
0.0
0.0
0.0
0.0
0.0
0.0
0.0
0.0
0.0
0.0
0.0
0.0
0.0
0.0
0.0
0.0
0.0
0.0
0.0
0.0
0.0
0.0
0.0
0.0
0.0
0.0
0.0
0.0
0.0
0.0
0.0
0.0
0.0
0.0
0.0
0.0
0.0
0.0
0.0
0.0
0.0
0.0
0.0
0.0
0.0
0.0
0.0
0.0
0.0
0.0
0.0
0.0
0.0
0.0
0.0
0.0
0.0
0.0
0.0
0.0
0.0
0.0
0.0
0.0
0.0
0.0
0.0
0.0
0.0
0.0
0.0
0.0
0.0
0.0
0.0
0.0
0.0
0.0
0.0
0.0
0.0
0.0
0.0
0.0
0.0
0.0
0.0
0.0
0.0
0.0
0.0
0.0
0.0
0.0
0.0
0.0
0.0
0.0
0.0
0.0
0.0
0.0
0.0
0.0
0.0
0.0
0.0
0.0
0.0
0.0
0.0
0.0
0.0
0.0
0.0
0.0
0.0
0.0
0.0
0.0
0.0
0.0
0.0
0.0
-1.0
-1.0
-1.0
-4.0
-4.0
-7.0
-7.0
-7.0
-10.0
-10.0
-10.0
-13.0
-13.0
-13.0
-16.0
-16.0
-16.0
-19.0
-19.0
-19.0
-22.0
-22.0
-22.0
-25.0
-25.0
-25.0
-28.0
-28.0
-28.0
-31.0
-31.0
-31.0
-34.0
-34.0
-34.0
-37.0
-37.0
-37.0
-40.0
-40.0
-40.0
-43.0
-43.0
-43.0
-46.0
-46.0
-46.0
-49.0
-49.0
-49.0
-50.0
-50.0
-50.0
-53.0
-53.0
-53.0
-56.0
-56.0
-56.0
-59.0
-59.0
-59.0
-62.0
-62.0
-62.0
-65.0
-65.0
-65.0
-68.0
-68.0
-68.0
-71.0
-71.0
-71.0
-74.0
-74.0
-74.0
-75.0
-75.0
-75.0
-76.0
-76.0
-76.0
-77.0
-77.0
-77.0
-77.0
-77.0
-77.0
-77.0
-77.0
-77.0
-77.0
-77.0
-77.0
-77.0
-77.0
-77.0
-77.0
-77.0
-77.0
-77.0
-77.0
-77.0
-77.0
-77.0
-77.0
-77.0
-77.0
-77.0
-77.0
-77.0
-77.0
-77.0
-77.0
-77.0
-77.0
-77.0
-77.0
-77.0
-77.0
-77.0
-77.0
-77.0
-77.0
-77.0
-77.0
-77.0
-77.0
-77.0
-77.0
-77.0
-77.0
-77.0
-77.0
-77.0
-77.0
-77.0
-77.0
-77.0
-77.0
-77.0
-77.0
-77.0
-77.0
-77.0
-77.0
-77.0
-77.0
-77.0
-77.0
-77.0
-77.0
-77.0
-77.0
-77.0
-77.0
-77.0
-77.0
-77.0
-77.0
-78.0
-78.0
-78.0
-81.0
-81.0
-81.0
-84.0
-84.0
-84.0
-87.0
-87.0
-87.0
-90.0
-90.0
-90.0
