0.0
0.0
0.0
0.0
0.0
0.0
0.0
0.0
0.0
0.0
0.0
0.0
0.0
0.0
0.0
0.0
0.0
0.0
0.0
0.0
0.0
0.0
0.0
0.0
0.0
0.0
0.0
0.0
0.0
0.0
0.0
0.0
0.0
0.0
0.0
0.0
0.0
0.0
0.0
0.0
0.0
0.0
0.0
0.0
0.0
0.0
0.0
0.0
0.0
-2.0
-2.0
-2.0
-5.0
-5.0
-5.0
-6.0
-6.0
-6.0
-6.0
-6.0
-6.0
-6.0
-6.0
-5.0
-5.0
-5.0
-4.0
-4.0
-4.0
-2.0
-2.0
-2.0
0.0
0.0
0.0
2.0
2.0
2.0
4.0
4.0
4.0
7.0
7.0
7.0
8.0
8.0
8.0
8.0
8.0
11.0
11.0
11.0
14.0
14.0
14.0
17.0
17.0
17.0
20.0
20.0
20.0
23.0
23.0
23.0
26.0
26.0
26.0
29.0
29.0
29.0
30.0
30.0
30.0
30.0
30.0
30.0
30.0
30.0
30.0
30.0
30.0
28.0
28.0
28.0
26.0
26.0
26.0
24.0
24.0
24.0
22.0
22.0
22.0
20.0
20.0
20.0
18.0
18.0
18.0
17.0
17.0
17.0
15.0
15.0
12.0
12.0
12.0
9.0
9.0
9.0
7.0
7.0
7.0
4.0
4.0
4.0
1.0
1.0
1.0
-1.0
-1.0
-1.0
-4.0
-4.0
-4.0
-7.0
-7.0
-7.0
-9.0
-9.0
-10.0
-10.0
-10.0
-7.0
-7.0
-7.0
-4.0
-4.0
-4.0
-1.0
-1.0
-1.0
2.0
2.0
2.0
5.0
5.0
5.0
8.0
8.0
8.0
11.0
11.0
11.0
14.0
14.0
14.0
17.0
17.0
20.0
20.0
20.0
23.0
23.0
23.0
26.0
26.0
26.0
29.0
29.0
29.0
31.0
31.0
31.0
34.0
34.0
34.0
37.0
37.0
37.0
40.0
40.0
40.0
43.0
43.0
43.0
46.0
46.0
49.0
49.0
49.0
52.0
52.0
52.0
55.0
55.0
55.0
58.0
58.0
58.0
61.0
61.0
61.0
64.0
64.0
64.0
67.0
67.0
67.0
70.0
70.0
70.0
73.0
73.0
73.0
76.0
76.0
78.0
78.0
78.0
81.0
81.0
81.0
84.0
84.0
84.0
87.0
87.0
87.0
90.0
90.0
90.0
93.0
93.0
93.0
96.0
96.0
96.0
99.0
99.0
99.0
102.0
102.0
102.0
105.0
105.0
108.0
108.0
108.0
111.0
111.0
111.0
114.0
114.0
114.0
117.0
117.0
117.0
120.0
120.0
120.0
123.0
123.0
123.0
126.0
126.0
126.0
129.0
129.0
129.0
132.0
132.0
135.0
135.0
135.0
138.0
138.0
138.0
141.0
141.0
141.0
144.0
144.0
144.0
147.0
147.0
147.0
150.0
150.0
150.0
153.0
153.0
153.0
156.0
156.0
156.0
159.0
159.0
159.0
162.0
162.0
165.0
165.0
165.0
168.0
168.0
168.0
171.0
171.0
171.0
174.0
174.0
174.0
177.0
177.0
177.0
180.0
180.0
180.0
183.0
183.0
183.0
186.0
186.0
186.0
189.0
189.0
189.0
192.0
192.0
195.0
195.0
195.0
198.0
198.0
198.0
201.0
201.0
201.0
204.0
204.0
204.0
207.0
207.0
207.0
210.0
210.0
210.0
213.0
213.0
213.0
216.0
216.0
216.0
219.0
219.0
219.0
222.0
222.0
225.0
225.0
225.0
228.0
228.0
228.0
227.0
227.0
227.0
224.0
224.0
224.0
221.0
221.0
221.0
218.0
218.0
218.0
215.0
215.0
215.0
212.0
212.0
212.0
209.0
209.0
209.0
206.0
206.0
203.0
203.0
203.0
200.0
200.0
200.0
197.0
197.0
197.0
195.0
195.0
195.0
195.0
195.0
195.0
197.0
197.0
197.0
200.0
200.0
200.0
203.0
203.0
203.0
205.0
205.0
205.0
