0.0
0.0
0.0
0.0
0.0
0.0
0.0
0.0
0.0
0.0
0.0
0.0
0.0
0.0
0.0
0.0
0.0
0.0
0.0
0.0
0.0
0.0
0.0
0.0
0.0
0.0
0.0
0.0
0.0
0.0
0.0
0.0
0.0
0.0
0.0
0.0
0.0
0.0
2.0
2.0
2.0
5.0
5.0
5.0
8.0
8.0
8.0
11.0
11.0
11.0
14.0
14.0
14.0
17.0
17.0
17.0
20.0
20.0
20.0
23.0
23.0
23.0
26.0
26.0
26.0
29.0
29.0
29.0
32.0
32.0
32.0
35.0
35.0
35.0
38.0
38.0
38.0
41.0
41.0
41.0
44.0
44.0
44.0
47.0
47.0
47.0
50.0
50.0
50.0
53.0
53.0
53.0
56.0
56.0
56.0
59.0
59.0
59.0
62.0
62.0
62.0
65.0
65.0
65.0
68.0
68.0
68.0
71.0
71.0
71.0
74.0
74.0
74.0
77.0
77.0
77.0
80.0
80.0
80.0
83.0
83.0
83.0
86.0
86.0
86.0
89.0
89.0
89.0
92.0
92.0
92.0
95.0
95.0
95.0
98.0
98.0
98.0
101.0
101.0
101.0
104.0
104.0
104.0
107.0
107.0
107.0
110.0
110.0
110.0
113.0
113.0
113.0
116.0
116.0
116.0
119.0
119.0
119.0
122.0
122.0
122.0
125.0
125.0
125.0
128.0
128.0
128.0
131.0
131.0
131.0
134.0
134.0
134.0
137.0
137.0
137.0
137.0
137.0
137.0
134.0
134.0
134.0
131.0
131.0
131.0
128.0
128.0
128.0
125.0
125.0
125.0
122.0
122.0
122.0
119.0
119.0
119.0
116.0
116.0
116.0
113.0
113.0
113.0
110.0
110.0
110.0
107.0
107.0
107.0
104.0
104.0
104.0
101.0
101.0
101.0
98.0
98.0
98.0
95.0
95.0
95.0
92.0
92.0
92.0
89.0
89.0
89.0
86.0
86.0
86.0
83.0
83.0
83.0
80.0
80.0
80.0
77.0
77.0
77.0
74.0
74.0
74.0
71.0
71.0
71.0
68.0
68.0
68.0
65.0
65.0
65.0
62.0
62.0
62.0
59.0
59.0
59.0
56.0
56.0
56.0
53.0
53.0
53.0
50.0
50.0
50.0
47.0
47.0
47.0
44.0
44.0
44.0
