0.0
0.0
0.0
0.0
0.0
0.0
0.0
0.0
0.0
0.0
0.0
0.0
0.0
0.0
0.0
0.0
0.0
0.0
0.0
0.0
0.0
0.0
0.0
0.0
0.0
3.0
3.0
3.0
6.0
6.0
8.0
8.0
8.0
8.0
8.0
8.0
8.0
8.0
8.0
8.0
8.0
8.0
8.0
8.0
9.0
9.0
9.0
12.0
12.0
12.0
15.0
15.0
15.0
18.0
18.0
18.0
21.0
21.0
24.0
24.0
24.0
27.0
27.0
27.0
30.0
30.0
30.0
32.0
32.0
32.0
35.0
35.0
38.0
38.0
38.0
41.0
41.0
41.0
44.0
44.0
44.0
47.0
47.0
47.0
50.0
50.0
53.0
53.0
53.0
56.0
56.0
56.0
59.0
59.0
59.0
62.0
62.0
62.0
65.0
65.0
65.0
68.0
68.0
71.0
71.0
71.0
74.0
74.0
74.0
77.0
77.0
77.0
80.0
80.0
80.0
83.0
83.0
86.0
86.0
86.0
89.0
89.0
89.0
92.0
92.0
92.0
95.0
95.0
95.0
97.0
97.0
99.0
99.0
99.0
101.0
101.0
101.0
103.0
103.0
103.0
106.0
106.0
106.0
109.0
109.0
112.0
112.0
112.0
114.0
114.0
114.0
117.0
117.0
117.0
120.0
120.0
120.0
123.0
123.0
126.0
126.0
126.0
129.0
129.0
129.0
132.0
132.0
132.0
135.0
135.0
135.0
138.0
138.0
141.0
141.0
141.0
144.0
144.0
144.0
146.0
146.0
146.0
149.0
149.0
149.0
151.0
151.0
151.0
153.0
153.0
156.0
156.0
156.0
158.0
158.0
158.0
161.0
161.0
161.0
163.0
163.0
163.0
166.0
166.0
168.0
168.0
168.0
170.0
170.0
170.0
172.0
172.0
172.0
175.0
175.0
175.0
178.0
178.0
181.0
181.0
181.0
184.0
184.0
184.0
186.0
186.0
186.0
188.0
188.0
188.0
191.0
191.0
192.0
192.0
192.0
194.0
194.0
194.0
197.0
197.0
197.0
200.0
200.0
200.0
200.0
200.0
200.0
200.0
200.0
200.0
200.0
200.0
200.0
200.0
200.0
200.0
200.0
200.0
200.0
200.0
200.0
200.0
200.0
200.0
200.0
200.0
197.0
197.0
197.0
194.0
194.0
194.0
191.0
191.0
191.0
188.0
188.0
187.0
187.0
187.0
187.0
187.0
187.0
189.0
189.0
189.0
192.0
192.0
192.0
195.0
195.0
197.0
197.0
197.0
200.0
200.0
200.0
203.0
203.0
203.0
205.0
205.0
205.0
208.0
208.0
211.0
211.0
211.0
214.0
214.0
214.0
217.0
217.0
217.0
220.0
220.0
220.0
223.0
223.0
226.0
226.0
226.0
229.0
229.0
229.0
232.0
232.0
232.0
235.0
235.0
235.0
238.0
238.0
239.0
239.0
239.0
239.0
239.0
239.0
236.0
236.0
236.0
233.0
233.0
233.0
230.0
230.0
227.0
227.0
227.0
224.0
224.0
224.0
223.0
223.0
223.0
223.0
223.0
223.0
223.0
223.0
223.0
225.0
225.0
227.0
227.0
227.0
229.0
229.0
229.0
232.0
232.0
232.0
235.0
235.0
235.0
237.0
237.0
239.0
239.0
239.0
242.0
242.0
242.0
245.0
245.0
245.0
248.0
248.0
248.0
251.0
251.0
254.0
254.0
254.0
257.0
257.0
257.0
259.0
259.0
259.0
261.0
261.0
261.0
264.0
264.0
267.0
267.0
267.0
270.0
270.0
270.0
273.0
273.0
273.0
276.0
276.0
276.0
279.0
279.0
282.0
282.0
282.0
284.0
284.0
284.0
287.0
287.0
287.0
290.0
290.0
290.0
293.0
293.0
296.0
296.0
296.0
299.0
299.0
299.0
302.0
302.0
302.0
305.0
305.0
305.0
308.0
308.0
308.0
311.0
311.0
313.0
313.0
313.0
316.0
316.0
316.0
319.0
319.0
319.0
322.0
322.0
322.0
325.0
325.0
328.0
328.0
328.0
331.0
331.0
331.0
334.0
334.0
334.0
337.0
337.0
337.0
340.0
340.0
343.0
343.0
343.0
346.0
346.0
346.0
349.0
349.0
349.0
352.0
352.0
352.0
355.0
355.0
358.0
358.0
358.0
361.0
361.0
361.0
364.0
364.0
364.0
365.0
365.0
365.0
365.0
365.0
365.0
365.0
365.0
365.0
365.0
365.0
368.0
368.0
368.0
371.0
371.0
371.0
374.0
374.0
377.0
377.0
377.0
380.0
380.0
380.0
383.0
383.0
383.0
386.0
386.0
386.0
388.0
388.0
388.0
391.0
391.0
394.0
394.0
394.0
397.0
397.0
397.0
400.0
400.0
400.0
402.0
402.0
402.0
404.0
404.0
407.0
407.0
407.0
410.0
410.0
410.0
412.0
412.0
412.0
415.0
415.0
415.0
418.0
418.0
421.0
421.0
421.0
424.0
424.0
424.0
427.0
427.0
427.0
430.0
430.0
430.0
433.0
433.0
436.0
436.0
436.0
439.0
439.0
439.0
441.0
441.0
441.0
443.0
443.0
443.0
445.0
445.0
448.0
448.0
448.0
448.0
448.0
448.0
448.0
448.0
448.0
448.0
448.0
448.0
448.0
448.0
448.0
448.0
448.0
448.0
448.0
448.0
448.0
448.0
448.0
448.0
448.0
448.0
450.0
450.0
450.0
