0.0
0.0
0.0
0.0
0.0
0.0
0.0
0.0
0.0
0.0
0.0
0.0
0.0
0.0
0.0
0.0
0.0
0.0
0.0
0.0
0.0
0.0
0.0
0.0
0.0
0.0
0.0
0.0
0.0
0.0
0.0
0.0
0.0
0.0
0.0
0.0
0.0
0.0
0.0
0.0
0.0
0.0
0.0
0.0
0.0
0.0
0.0
0.0
0.0
0.0
0.0
0.0
0.0
0.0
0.0
0.0
0.0
0.0
0.0
0.0
0.0
0.0
0.0
0.0
0.0
0.0
0.0
0.0
0.0
0.0
0.0
-1.0
-1.0
-1.0
-4.0
-4.0
-4.0
-7.0
-7.0
-7.0
-10.0
-10.0
-10.0
-12.0
-12.0
-12.0
-12.0
-12.0
-12.0
-12.0
-12.0
-12.0
-12.0
-12.0
-12.0
-12.0
-12.0
-12.0
-14.0
-14.0
-14.0
-15.0
-15.0
-15.0
-15.0
-15.0
-15.0
-16.0
-16.0
-16.0
-16.0
-16.0
-16.0
-17.0
-17.0
-17.0
-17.0
-17.0
-17.0
-17.0
-17.0
-17.0
-17.0
-17.0
-17.0
-17.0
-17.0
-17.0
-17.0
-17.0
-17.0
-17.0
-17.0
-17.0
-17.0
-17.0
-17.0
-17.0
-17.0
-17.0
-17.0
-17.0
-17.0
-17.0
-17.0
-17.0
-17.0
-17.0
-17.0
-17.0
-17.0
-17.0
-17.0
-17.0
-17.0
-17.0
-17.0
-17.0
-17.0
-17.0
-17.0
-17.0
-17.0
-17.0
-17.0
-17.0
-17.0
-17.0
-17.0
-17.0
-19.0
-19.0
-19.0
-22.0
-22.0
-22.0
-25.0
-25.0
-25.0
-28.0
-28.0
-28.0
-31.0
-31.0
-31.0
-34.0
-34.0
-34.0
-37.0
-37.0
-37.0
-40.0
-40.0
-40.0
-41.0
-41.0
-41.0
-41.0
-41.0
-41.0
-41.0
-41.0
-41.0
-41.0
-41.0
-41.0
-43.0
-43.0
-43.0
-46.0
-46.0
-46.0
-49.0
-49.0
-49.0
-52.0
-52.0
-52.0
-55.0
-55.0
-55.0
-58.0
-58.0
-58.0
-61.0
-61.0
-61.0
-64.0
-64.0
-64.0
-67.0
-67.0
-67.0
-70.0
-70.0
-70.0
-73.0
-73.0
-73.0
-76.0
-76.0
-76.0
-77.0
-77.0
-77.0
-77.0
-77.0
-77.0
-77.0
-77.0
-77.0
-77.0
-77.0
-77.0
-77.0
-77.0
-77.0
-79.0
-79.0
-79.0
-82.0
-82.0
-82.0
-85.0
-85.0
-85.0
-88.0
-88.0
-88.0
-91.0
-91.0
-91.0
-93.0
-93.0
-93.0
-93.0
-93.0
-93.0
-93.0
-93.0
-93.0
-94.0
-94.0
-94.0
-95.0
-95.0
-95.0
-97.0
-97.0
-97.0
-98.0
-98.0
-98.0
-98.0
-98.0
-98.0
-98.0
-98.0
-98.0
-100.0
-100.0
-100.0
-101.0
-101.0
-101.0
-102.0
-102.0
-102.0
-103.0
-103.0
-103.0
-103.0
-103.0
-103.0
-104.0
-104.0
-104.0
-105.0
-105.0
-105.0
-105.0
-105.0
-105.0
-107.0
-107.0
-107.0
-107.0
-107.0
-107.0
-107.0
-107.0
-107.0
-107.0
-107.0
-107.0
-107.0
-107.0
-107.0
-107.0
-107.0
-107.0
-107.0
-107.0
-107.0
-107.0
-107.0
-107.0
-107.0
-107.0
-107.0
-107.0
-107.0
-107.0
-107.0
-107.0
-107.0
-107.0
-107.0
-107.0
-107.0
-107.0
-107.0
-107.0
-107.0
-107.0
-107.0
-107.0
-107.0
-109.0
-109.0
-109.0
-112.0
-112.0
-112.0
-115.0
-115.0
-115.0
-118.0
-118.0
-118.0
-121.0
-121.0
-121.0
-124.0
-124.0
-124.0
-126.0
-126.0
-126.0
-126.0
-126.0
-126.0
-126.0
-126.0
-126.0
-126.0
-126.0
-126.0
-126.0
-126.0
-126.0
-126.0
-126.0
-126.0
-126.0
-126.0
-126.0
-126.0
-126.0
-126.0
-126.0
-126.0
-126.0
-126.0
-126.0
-126.0
-126.0
-126.0
-126.0
-126.0
-126.0
-126.0
-126.0
-126.0
-126.0
-126.0
-126.0
-126.0
-126.0
-126.0
-126.0
-129.0
-129.0
-129.0
-131.0
-131.0
-131.0
-131.0
-131.0
-131.0
-131.0
-131.0
-131.0
-131.0
-131.0
-131.0
-131.0
-131.0
-131.0
-134.0
-134.0
-134.0
-137.0
-137.0
-137.0
-140.0
-140.0
-140.0
-143.0
-143.0
-143.0
-146.0
-146.0
-146.0
-149.0
-149.0
-149.0
-152.0
-152.0
-152.0
-155.0
-155.0
-155.0
-158.0
-158.0
-158.0
-161.0
-161.0
-161.0
-164.0
-164.0
-164.0
-167.0
-167.0
-167.0
-170.0
-170.0
-170.0
-173.0
-173.0
-173.0
-176.0
-176.0
-176.0
-179.0
-179.0
-179.0
-182.0
-182.0
-182.0
-185.0
-185.0
-185.0
-188.0
-188.0
-188.0
-191.0
-191.0
-191.0
