0.0
0.0
0.0
0.0
0.0
0.0
0.0
0.0
0.0
0.0
0.0
0.0
0.0
0.0
0.0
0.0
0.0
0.0
0.0
0.0
0.0
0.0
0.0
0.0
0.0
0.0
0.0
0.0
0.0
0.0
0.0
0.0
0.0
0.0
0.0
0.0
0.0
0.0
0.0
0.0
0.0
0.0
0.0
0.0
0.0
0.0
0.0
0.0
0.0
0.0
0.0
0.0
0.0
0.0
0.0
0.0
0.0
0.0
0.0
0.0
0.0
0.0
0.0
0.0
0.0
0.0
0.0
0.0
0.0
0.0
0.0
0.0
0.0
0.0
0.0
0.0
0.0
0.0
0.0
0.0
0.0
0.0
0.0
0.0
0.0
0.0
0.0
0.0
0.0
0.0
0.0
0.0
0.0
0.0
0.0
0.0
0.0
0.0
0.0
0.0
0.0
0.0
0.0
0.0
0.0
0.0
0.0
0.0
0.0
0.0
0.0
0.0
0.0
0.0
0.0
0.0
0.0
0.0
0.0
0.0
0.0
0.0
0.0
0.0
0.0
0.0
0.0
0.0
0.0
0.0
0.0
0.0
0.0
0.0
0.0
0.0
0.0
0.0
0.0
0.0
0.0
0.0
0.0
0.0
0.0
0.0
0.0
0.0
0.0
0.0
0.0
0.0
0.0
0.0
0.0
0.0
0.0
0.0
0.0
0.0
0.0
0.0
0.0
0.0
0.0
0.0
0.0
0.0
0.0
0.0
0.0
0.0
0.0
0.0
0.0
0.0
0.0
0.0
0.0
0.0
0.0
0.0
0.0
0.0
0.0
0.0
0.0
0.0
0.0
0.0
0.0
0.0
0.0
0.0
0.0
0.0
0.0
0.0
0.0
0.0
0.0
0.0
0.0
0.0
0.0
0.0
0.0
0.0
0.0
0.0
0.0
0.0
0.0
0.0
0.0
0.0
0.0
0.0
0.0
0.0
0.0
0.0
0.0
0.0
0.0
0.0
0.0
0.0
0.0
0.0
0.0
0.0
0.0
0.0
0.0
0.0
0.0
0.0
0.0
0.0
0.0
0.0
0.0
0.0
0.0
0.0
0.0
0.0
0.0
0.0
0.0
0.0
0.0
0.0
0.0
0.0
0.0
0.0
0.0
0.0
0.0
0.0
0.0
0.0
0.0
0.0
0.0
0.0
0.0
0.0
0.0
0.0
0.0
0.0
0.0
0.0
0.0
0.0
0.0
0.0
0.0
0.0
0.0
0.0
0.0
0.0
0.0
0.0
0.0
0.0
0.0
0.0
0.0
0.0
0.0
0.0
0.0
0.0
0.0
0.0
0.0
0.0
0.0
0.0
0.0
0.0
0.0
0.0
0.0
0.0
0.0
0.0
0.0
0.0
0.0
0.0
0.0
0.0
0.0
0.0
0.0
0.0
0.0
0.0
0.0
0.0
0.0
0.0
0.0
0.0
0.0
0.0
-1.0
-1.0
-1.0
-4.0
-4.0
-4.0
-6.0
-6.0
-6.0
-6.0
-6.0
-6.0
-6.0
-6.0
-6.0
-6.0
-6.0
-6.0
-6.0
-6.0
-6.0
-8.0
-8.0
-8.0
-11.0
-11.0
-11.0
-14.0
-14.0
-14.0
-17.0
-17.0
-17.0
-20.0
-20.0
-20.0
-23.0
-23.0
-23.0
-25.0
-25.0
-25.0
-25.0
-25.0
-25.0
-25.0
-25.0
-25.0
-25.0
-25.0
-25.0
-25.0
-25.0
-25.0
-25.0
-25.0
-25.0
-25.0
-25.0
-25.0
-25.0
-25.0
-25.0
-25.0
-25.0
-25.0
-25.0
-25.0
-25.0
-25.0
-25.0
-25.0
-26.0
-26.0
-26.0
-29.0
-29.0
-29.0
-31.0
-31.0
-31.0
-33.0
-33.0
-33.0
-33.0
-33.0
-33.0
-33.0
-33.0
-33.0
-33.0
-33.0
-33.0
-33.0
-33.0
-33.0
-35.0
-35.0
-35.0
-38.0
-38.0
-38.0
-41.0
-41.0
-41.0
-43.0
-43.0
-43.0
-43.0
-43.0
-43.0
-43.0
-43.0
-43.0
-43.0
-43.0
-43.0
-45.0
-45.0
-45.0
-47.0
-47.0
-47.0
-47.0
-47.0
-47.0
-47.0
-47.0
-47.0
-48.0
-48.0
-48.0
-51.0
-51.0
-51.0
-51.0
-51.0
-51.0
-51.0
-51.0
-51.0
-51.0
-51.0
-51.0
-51.0
-51.0
-51.0
-51.0
-51.0
-51.0
-51.0
-51.0
-51.0
-54.0
-54.0
-54.0
-57.0
-57.0
-57.0
-58.0
-58.0
-58.0
-59.0
-59.0
-59.0
-62.0
-62.0
-62.0
-65.0
-65.0
-65.0
-68.0
-68.0
-68.0
-71.0
-71.0
-71.0
-74.0
-74.0
-74.0
-77.0
-77.0
-77.0
-80.0
-80.0
-80.0
-83.0
-83.0
-83.0
-86.0
-86.0
-86.0
-89.0
-89.0
-89.0
-92.0
-92.0
-92.0
-95.0
-95.0
-95.0
-98.0
-98.0
-98.0
-100.0
-100.0
-100.0
-100.0
-100.0
-100.0
-100.0
-100.0
-100.0
-100.0
-100.0
-100.0
-100.0
-100.0
-100.0
-100.0
-100.0
-100.0
-100.0
-100.0
-100.0
-100.0
-100.0
-100.0
-100.0
-100.0
-100.0
-100.0
-100.0
-100.0
-100.0
-100.0
-100.0
-100.0
-100.0
-100.0
-100.0
-100.0
-100.0
-100.0
-100.0
-100.0
-100.0
-100.0
-100.0
-100.0
-100.0
-100.0
-100.0
-100.0
-100.0
-98.0
-98.0
-98.0
-95.0
-95.0
-95.0
-94.0
-94.0
-94.0
-94.0
-94.0
-94.0
-94.0
-94.0
-94.0
-94.0
-94.0
-94.0
-94.0
-94.0
-94.0
-94.0
-94.0
-94.0
-94.0
-94.0
-94.0
-91.0
-91.0
-91.0
-90.0
-90.0
-90.0
-90.0
-90.0
-90.0
-90.0
-90.0
-90.0
-90.0
-90.0
-90.0
-90.0
-90.0
-90.0
-90.0
-90.0
-90.0
-90.0
-90.0
-90.0
-90.0
-90.0
-89.0
-89.0
-89.0
-88.0
-88.0
-88.0
-85.0
-85.0
-85.0
-82.0
-82.0
-82.0
-79.0
-79.0
-79.0
-76.0
-76.0
-76.0
-73.0
-73.0
-73.0
-70.0
-70.0
-70.0
-67.0
-67.0
-67.0
-64.0
-64.0
-64.0
-61.0
-61.0
-61.0
-58.0
-58.0
-58.0
-55.0
-55.0
-55.0
-52.0
-52.0
-52.0
-49.0
-49.0
-49.0
-46.0
-46.0
-46.0
-43.0
-43.0
-43.0
-40.0
-40.0
-40.0
-37.0
-37.0
-37.0
-34.0
-34.0
-34.0
-31.0
-31.0
-31.0
-29.0
-29.0
-29.0
-29.0
-29.0
-29.0
-29.0
-29.0
-29.0
-29.0
-29.0
-29.0
-29.0
-29.0
-29.0
-28.0
-28.0
-28.0
-25.0
-25.0
-25.0
-22.0
-22.0
-22.0
-21.0
-21.0
-21.0
-21.0
-21.0
-21.0
-20.0
-20.0
-20.0
-17.0
-17.0
-17.0
-17.0
-17.0
-17.0
-17.0
-17.0
-17.0
-16.0
-16.0
-16.0
-13.0
-13.0
-13.0
-10.0
-10.0
-10.0
-7.0
-7.0
-7.0
-7.0
-7.0
-7.0
-7.0
-7.0
-7.0
-7.0
-7.0
-7.0
-7.0
-7.0
-7.0
-7.0
-7.0
-7.0
-7.0
-7.0
-7.0
-7.0
-7.0
-7.0
-7.0
-7.0
-7.0
-7.0
-7.0
-7.0
-7.0
-7.0
-7.0
-7.0
-7.0
-7.0
-7.0
-7.0
-7.0
-7.0
-7.0
-7.0
-7.0
-7.0
-7.0
-7.0
-7.0
-7.0
-7.0
-7.0
-7.0
-7.0
-7.0
-7.0
-7.0
-7.0
-7.0
-7.0
-7.0
-7.0
-7.0
-7.0
-7.0
-7.0
-7.0
-7.0
-7.0
-7.0
-7.0
-7.0
-7.0
-7.0
-7.0
-7.0
-7.0
-7.0
-7.0
-7.0
-7.0
-7.0
-7.0
-7.0
-7.0
-7.0
-7.0
-7.0
-7.0
-7.0
-7.0
-7.0
-7.0
-7.0
-7.0
-7.0
-7.0
-7.0
-7.0
-7.0
-7.0
-7.0
-7.0
-7.0
-7.0
-7.0
-7.0
-7.0
-7.0
-7.0
-7.0
-7.0
-7.0
-7.0
-7.0
-7.0
-7.0
-7.0
-7.0
-7.0
-7.0
-7.0
-7.0
-7.0
-7.0
-7.0
-7.0
-7.0
-7.0
-7.0
-7.0
-7.0
-7.0
-7.0
-7.0
-7.0
-7.0
-7.0
-7.0
-7.0
-7.0
-7.0
-7.0
-7.0
-7.0
-7.0
-7.0
-7.0
-7.0
-7.0
-7.0
-7.0
-7.0
-7.0
-7.0
-7.0
-7.0
-7.0
-7.0
-7.0
-7.0
-7.0
-7.0
-7.0
-7.0
-7.0
-7.0
-7.0
-7.0
-7.0
-7.0
-7.0
-7.0
-7.0
-7.0
-7.0
-7.0
-7.0
-7.0
-7.0
-7.0
-7.0
-7.0
-7.0
-7.0
-7.0
-7.0
-7.0
-7.0
-7.0
-7.0
-7.0
-7.0
-7.0
-7.0
-7.0
-7.0
-7.0
-7.0
-7.0
-7.0
-7.0
-7.0
-7.0
-7.0
-7.0
-7.0
-7.0
-7.0
-7.0
-7.0
-7.0
-7.0
-7.0
-7.0
-7.0
-7.0
-7.0
-7.0
-7.0
-7.0
-7.0
-7.0
-7.0
-7.0
-7.0
-7.0
-7.0
-7.0
-7.0
-4.0
-4.0
-4.0
-1.0
-1.0
-1.0
2.0
2.0
2.0
5.0
5.0
5.0
8.0
8.0
8.0
11.0
11.0
11.0
14.0
14.0
14.0
17.0
17.0
17.0
20.0
20.0
20.0
23.0
23.0
23.0
26.0
26.0
26.0
29.0
29.0
29.0
32.0
32.0
32.0
35.0
35.0
35.0
38.0
38.0
38.0
41.0
41.0
41.0
44.0
44.0
44.0
45.0
45.0
45.0
45.0
45.0
45.0
45.0
45.0
45.0
47.0
47.0
47.0
50.0
50.0
50.0
53.0
53.0
53.0
56.0
56.0
56.0
59.0
59.0
59.0
62.0
62.0
62.0
64.0
64.0
64.0
64.0
64.0
64.0
64.0
64.0
64.0
64.0
64.0
64.0
64.0
64.0
64.0
64.0
64.0
64.0
64.0
64.0
64.0
64.0
64.0
64.0
64.0
64.0
64.0
64.0
64.0
64.0
64.0
64.0
64.0
64.0
64.0
64.0
64.0
64.0
64.0
64.0
64.0
64.0
64.0
64.0
64.0
64.0
64.0
64.0
64.0
64.0
64.0
64.0
64.0
64.0
64.0
64.0
64.0
64.0
64.0
64.0
64.0
64.0
64.0
64.0
64.0
64.0
64.0
64.0
64.0
64.0
64.0
64.0
64.0
64.0
64.0
64.0
64.0
64.0
64.0
64.0
64.0
64.0
64.0
64.0
64.0
64.0
64.0
64.0
64.0
64.0
64.0
64.0
64.0
64.0
64.0
64.0
64.0
64.0
64.0
64.0
64.0
64.0
64.0
64.0
64.0
64.0
64.0
64.0
64.0
64.0
64.0
64.0
64.0
64.0
64.0
64.0
64.0
64.0
64.0
64.0
64.0
64.0
64.0
64.0
64.0
64.0
64.0
64.0
64.0
64.0
64.0
64.0
64.0
64.0
64.0
64.0
64.0
64.0
64.0
64.0
64.0
64.0
64.0
64.0
64.0
64.0
64.0
64.0
64.0
64.0
64.0
64.0
64.0
64.0
64.0
64.0
64.0
64.0
64.0
64.0
64.0
64.0
64.0
64.0
64.0
64.0
64.0
64.0
64.0
64.0
64.0
64.0
64.0
64.0
64.0
64.0
64.0
64.0
64.0
64.0
64.0
64.0
64.0
64.0
64.0
64.0
64.0
64.0
64.0
64.0
64.0
64.0
64.0
64.0
64.0
64.0
64.0
64.0
64.0
64.0
64.0
64.0
64.0
64.0
64.0
64.0
64.0
64.0
64.0
64.0
64.0
64.0
64.0
64.0
64.0
64.0
64.0
64.0
64.0
64.0
64.0
64.0
64.0
64.0
64.0
64.0
64.0
64.0
64.0
64.0
64.0
64.0
64.0
64.0
64.0
64.0
64.0
64.0
64.0
64.0
64.0
64.0
64.0
64.0
64.0
64.0
64.0
64.0
64.0
64.0
64.0
64.0
64.0
64.0
64.0
64.0
64.0
64.0
64.0
64.0
64.0
64.0
64.0
64.0
64.0
64.0
64.0
64.0
64.0
64.0
64.0
64.0
64.0
64.0
64.0
64.0
64.0
64.0
64.0
64.0
64.0
64.0
64.0
64.0
64.0
64.0
64.0
64.0
64.0
64.0
64.0
64.0
64.0
64.0
64.0
64.0
64.0
64.0
64.0
64.0
64.0
64.0
64.0
64.0
64.0
64.0
64.0
64.0
64.0
64.0
64.0
64.0
64.0
64.0
64.0
64.0
64.0
64.0
64.0
64.0
66.0
66.0
66.0
69.0
69.0
69.0
72.0
72.0
72.0
75.0
75.0
75.0
78.0
78.0
78.0
81.0
81.0
81.0
84.0
84.0
84.0
87.0
87.0
87.0
90.0
90.0
90.0
93.0
93.0
93.0
96.0
96.0
96.0
99.0
99.0
99.0
102.0
102.0
102.0
103.0
103.0
103.0
103.0
103.0
103.0
103.0
103.0
103.0
103.0
103.0
103.0
103.0
103.0
103.0
103.0
103.0
103.0
103.0
103.0
103.0
103.0
103.0
103.0
103.0
103.0
103.0
103.0
103.0
103.0
103.0
103.0
103.0
103.0
103.0
103.0
103.0
103.0
103.0
103.0
103.0
103.0
103.0
103.0
103.0
103.0
103.0
103.0
103.0
103.0
103.0
103.0
103.0
103.0
103.0
103.0
103.0
103.0
103.0
103.0
103.0
103.0
103.0
103.0
103.0
103.0
103.0
103.0
103.0
103.0
103.0
103.0
103.0
103.0
103.0
103.0
103.0
103.0
103.0
103.0
103.0
103.0
103.0
103.0
103.0
103.0
103.0
103.0
103.0
103.0
103.0
103.0
103.0
103.0
103.0
103.0
103.0
103.0
103.0
103.0
103.0
103.0
103.0
103.0
103.0
103.0
103.0
103.0
103.0
103.0
103.0
103.0
103.0
103.0
103.0
103.0
103.0
103.0
103.0
103.0
103.0
103.0
103.0
103.0
103.0
103.0
103.0
103.0
103.0
103.0
103.0
103.0
103.0
103.0
103.0
103.0
103.0
103.0
103.0
103.0
103.0
103.0
103.0
103.0
103.0
103.0
103.0
103.0
103.0
103.0
103.0
103.0
103.0
103.0
103.0
103.0
103.0
103.0
103.0
103.0
103.0
103.0
103.0
103.0
103.0
103.0
103.0
103.0
103.0
103.0
103.0
103.0
103.0
103.0
103.0
103.0
103.0
103.0
103.0
103.0
103.0
103.0
103.0
103.0
103.0
103.0
103.0
103.0
103.0
103.0
103.0
103.0
103.0
103.0
103.0
103.0
103.0
103.0
103.0
103.0
103.0
103.0
103.0
103.0
103.0
103.0
103.0
103.0
103.0
103.0
103.0
103.0
103.0
103.0
103.0
103.0
103.0
103.0
103.0
103.0
103.0
103.0
103.0
103.0
103.0
103.0
103.0
103.0
103.0
103.0
103.0
103.0
103.0
103.0
103.0
103.0
103.0
103.0
103.0
103.0
103.0
103.0
103.0
103.0
103.0
103.0
103.0
103.0
103.0
103.0
103.0
103.0
103.0
103.0
103.0
103.0
103.0
103.0
103.0
103.0
103.0
103.0
103.0
103.0
103.0
103.0
103.0
103.0
103.0
103.0
103.0
103.0
103.0
103.0
103.0
103.0
103.0
103.0
103.0
103.0
103.0
103.0
103.0
103.0
103.0
103.0
103.0
103.0
103.0
103.0
103.0
103.0
103.0
103.0
103.0
103.0
103.0
103.0
103.0
103.0
103.0
103.0
103.0
103.0
103.0
103.0
103.0
103.0
103.0
103.0
103.0
103.0
103.0
103.0
103.0
103.0
103.0
103.0
103.0
103.0
103.0
103.0
103.0
103.0
103.0
103.0
103.0
103.0
103.0
103.0
103.0
103.0
103.0
103.0
103.0
103.0
103.0
103.0
103.0
103.0
103.0
103.0
103.0
103.0
103.0
103.0
103.0
103.0
103.0
103.0
103.0
103.0
103.0
103.0
103.0
103.0
103.0
103.0
103.0
103.0
103.0
103.0
103.0
103.0
103.0
103.0
103.0
103.0
103.0
103.0
103.0
103.0
103.0
103.0
103.0
103.0
103.0
103.0
103.0
103.0
103.0
103.0
103.0
103.0
103.0
103.0
103.0
103.0
103.0
103.0
103.0
103.0
103.0
103.0
103.0
103.0
103.0
103.0
103.0
103.0
103.0
103.0
103.0
103.0
103.0
103.0
103.0
103.0
103.0
103.0
103.0
103.0
103.0
103.0
103.0
103.0
103.0
103.0
103.0
103.0
103.0
103.0
103.0
103.0
103.0
103.0
103.0
103.0
103.0
103.0
103.0
103.0
103.0
103.0
103.0
103.0
103.0
103.0
103.0
103.0
103.0
103.0
103.0
103.0
103.0
103.0
103.0
103.0
103.0
103.0
103.0
103.0
103.0
103.0
103.0
103.0
103.0
103.0
103.0
103.0
103.0
103.0
103.0
103.0
103.0
103.0
103.0
103.0
103.0
103.0
103.0
103.0
103.0
103.0
103.0
103.0
103.0
103.0
103.0
103.0
103.0
103.0
103.0
103.0
103.0
103.0
103.0
103.0
103.0
103.0
103.0
103.0
103.0
103.0
103.0
103.0
103.0
103.0
103.0
103.0
103.0
103.0
103.0
103.0
103.0
103.0
103.0
103.0
103.0
103.0
103.0
103.0
103.0
103.0
103.0
103.0
103.0
103.0
103.0
103.0
103.0
103.0
103.0
103.0
103.0
103.0
103.0
103.0
103.0
103.0
103.0
103.0
103.0
103.0
103.0
103.0
103.0
103.0
103.0
103.0
103.0
103.0
102.0
102.0
102.0
99.0
99.0
99.0
96.0
96.0
96.0
93.0
93.0
93.0
90.0
90.0
90.0
87.0
87.0
87.0
87.0
87.0
87.0
87.0
87.0
87.0
87.0
87.0
87.0
87.0
87.0
87.0
87.0
87.0
87.0
87.0
87.0
87.0
87.0
87.0
87.0
87.0
87.0
87.0
87.0
87.0
87.0
87.0
87.0
87.0
87.0
87.0
87.0
87.0
87.0
87.0
87.0
87.0
87.0
87.0
87.0
87.0
87.0
87.0
87.0
87.0
87.0
87.0
87.0
87.0
87.0
87.0
87.0
87.0
87.0
87.0
87.0
87.0
87.0
87.0
87.0
87.0
87.0
87.0
87.0
87.0
87.0
87.0
87.0
87.0
87.0
87.0
87.0
87.0
87.0
87.0
87.0
87.0
87.0
87.0
87.0
87.0
87.0
87.0
87.0
87.0
87.0
87.0
87.0
87.0
87.0
87.0
87.0
87.0
87.0
87.0
87.0
87.0
87.0
87.0
87.0
87.0
87.0
87.0
87.0
87.0
87.0
87.0
87.0
87.0
87.0
87.0
87.0
87.0
87.0
87.0
87.0
87.0
87.0
87.0
85.0
85.0
85.0
82.0
82.0
82.0
81.0
81.0
81.0
81.0
81.0
81.0
81.0
81.0
81.0
81.0
81.0
81.0
81.0
81.0
81.0
81.0
81.0
81.0
81.0
81.0
81.0
81.0
81.0
81.0
79.0
79.0
79.0
76.0
76.0
76.0
73.0
73.0
73.0
70.0
70.0
70.0
67.0
67.0
67.0
64.0
64.0
64.0
61.0
61.0
61.0
58.0
58.0
58.0
55.0
55.0
55.0
52.0
52.0
52.0
49.0
49.0
49.0
46.0
46.0
46.0
43.0
43.0
43.0
40.0
40.0
40.0
37.0
37.0
37.0
37.0
37.0
37.0
37.0
37.0
37.0
37.0
37.0
37.0
37.0
37.0
37.0
37.0
37.0
37.0
37.0
37.0
37.0
37.0
37.0
37.0
37.0
37.0
37.0
37.0
37.0
37.0
37.0
37.0
37.0
37.0
37.0
37.0
37.0
37.0
37.0
37.0
37.0
37.0
37.0
37.0
37.0
37.0
37.0
37.0
37.0
37.0
37.0
37.0
37.0
37.0
37.0
37.0
37.0
37.0
37.0
37.0
37.0
37.0
37.0
37.0
37.0
37.0
37.0
37.0
37.0
37.0
37.0
37.0
37.0
37.0
37.0
37.0
37.0
37.0
37.0
37.0
37.0
37.0
37.0
37.0
37.0
37.0
37.0
37.0
37.0
37.0
37.0
37.0
37.0
37.0
37.0
37.0
37.0
37.0
37.0
37.0
37.0
37.0
37.0
37.0
37.0
37.0
37.0
37.0
37.0
37.0
37.0
37.0
37.0
37.0
37.0
37.0
37.0
39.0
39.0
39.0
42.0
42.0
42.0
45.0
45.0
45.0
48.0
48.0
48.0
51.0
51.0
51.0
51.0
51.0
51.0
51.0
51.0
51.0
52.0
52.0
52.0
55.0
55.0
55.0
58.0
58.0
58.0
61.0
61.0
61.0
64.0
64.0
64.0
67.0
67.0
67.0
70.0
70.0
70.0
73.0
73.0
73.0
76.0
76.0
76.0
79.0
79.0
79.0
82.0
82.0
82.0
85.0
85.0
85.0
85.0
85.0
85.0
85.0
85.0
85.0
85.0
85.0
85.0
85.0
85.0
85.0
88.0
88.0
88.0
91.0
91.0
91.0
94.0
94.0
94.0
97.0
97.0
97.0
100.0
100.0
100.0
101.0
101.0
101.0
101.0
101.0
101.0
101.0
101.0
101.0
101.0
101.0
101.0
101.0
101.0
101.0
101.0
101.0
101.0
101.0
101.0
101.0
101.0
101.0
101.0
101.0
101.0
101.0
101.0
101.0
101.0
101.0
101.0
101.0
101.0
101.0
101.0
101.0
101.0
101.0
101.0
101.0
101.0
101.0
101.0
101.0
101.0
101.0
101.0
101.0
101.0
101.0
101.0
101.0
101.0
101.0
101.0
101.0
101.0
101.0
101.0
101.0
101.0
101.0
101.0
101.0
101.0
101.0
101.0
101.0
101.0
101.0
101.0
101.0
101.0
101.0
101.0
101.0
101.0
101.0
101.0
101.0
101.0
101.0
101.0
101.0
101.0
101.0
101.0
101.0
101.0
101.0
101.0
101.0
101.0
101.0
101.0
101.0
101.0
101.0
101.0
101.0
101.0
101.0
101.0
101.0
101.0
101.0
101.0
101.0
101.0
101.0
101.0
101.0
101.0
101.0
101.0
101.0
101.0
101.0
101.0
101.0
101.0
101.0
101.0
101.0
101.0
101.0
101.0
101.0
101.0
101.0
101.0
101.0
101.0
101.0
101.0
101.0
101.0
101.0
101.0
101.0
101.0
101.0
101.0
101.0
101.0
101.0
101.0
101.0
101.0
101.0
101.0
101.0
101.0
101.0
101.0
101.0
101.0
101.0
101.0
101.0
101.0
101.0
101.0
101.0
101.0
101.0
101.0
101.0
101.0
101.0
101.0
101.0
101.0
101.0
101.0
101.0
103.0
103.0
103.0
106.0
106.0
109.0
109.0
109.0
112.0
112.0
112.0
115.0
115.0
115.0
118.0
118.0
118.0
121.0
121.0
121.0
124.0
124.0
124.0
127.0
127.0
127.0
130.0
130.0
130.0
133.0
133.0
133.0
136.0
136.0
136.0
139.0
139.0
139.0
142.0
142.0
142.0
145.0
145.0
145.0
148.0
148.0
148.0
151.0
151.0
151.0
152.0
152.0
152.0
152.0
152.0
152.0
152.0
152.0
152.0
152.0
152.0
152.0
152.0
152.0
152.0
152.0
152.0
152.0
152.0
152.0
152.0
152.0
152.0
152.0
152.0
152.0
152.0
152.0
152.0
152.0
152.0
152.0
152.0
152.0
152.0
152.0
152.0
152.0
152.0
152.0
152.0
152.0
152.0
152.0
152.0
152.0
152.0
152.0
152.0
152.0
152.0
152.0
152.0
152.0
152.0
152.0
152.0
153.0
153.0
153.0
156.0
156.0
156.0
156.0
156.0
156.0
156.0
156.0
156.0
156.0
156.0
156.0
156.0
156.0
156.0
156.0
156.0
156.0
156.0
156.0
156.0
156.0
156.0
156.0
156.0
156.0
156.0
156.0
156.0
156.0
156.0
156.0
156.0
156.0
156.0
156.0
156.0
156.0
156.0
156.0
156.0
156.0
156.0
156.0
156.0
156.0
156.0
156.0
156.0
156.0
156.0
156.0
156.0
156.0
156.0
156.0
156.0
156.0
156.0
156.0
156.0
156.0
156.0
156.0
156.0
156.0
156.0
156.0
156.0
156.0
156.0
156.0
156.0
156.0
156.0
156.0
156.0
156.0
156.0
156.0
156.0
156.0
156.0
156.0
156.0
156.0
156.0
156.0
156.0
156.0
156.0
156.0
156.0
156.0
156.0
156.0
156.0
156.0
156.0
156.0
156.0
156.0
156.0
156.0
156.0
156.0
156.0
156.0
156.0
156.0
156.0
156.0
156.0
156.0
156.0
156.0
156.0
156.0
156.0
156.0
156.0
156.0
156.0
156.0
156.0
156.0
156.0
156.0
156.0
156.0
156.0
156.0
156.0
156.0
156.0
156.0
156.0
156.0
156.0
156.0
156.0
156.0
156.0
156.0
156.0
156.0
156.0
156.0
156.0
156.0
156.0
156.0
156.0
156.0
156.0
156.0
156.0
156.0
156.0
156.0
156.0
156.0
156.0
156.0
156.0
156.0
156.0
156.0
156.0
156.0
156.0
156.0
156.0
156.0
156.0
156.0
156.0
156.0
156.0
156.0
156.0
156.0
156.0
156.0
156.0
156.0
156.0
156.0
156.0
156.0
156.0
156.0
156.0
156.0
156.0
156.0
156.0
156.0
156.0
156.0
156.0
156.0
156.0
156.0
156.0
156.0
156.0
156.0
156.0
156.0
156.0
156.0
156.0
156.0
156.0
156.0
156.0
156.0
156.0
156.0
156.0
156.0
156.0
156.0
156.0
156.0
156.0
156.0
156.0
156.0
156.0
156.0
156.0
156.0
156.0
156.0
156.0
156.0
156.0
156.0
156.0
156.0
156.0
156.0
156.0
156.0
156.0
156.0
156.0
156.0
156.0
156.0
156.0
156.0
156.0
156.0
156.0
156.0
156.0
156.0
156.0
156.0
156.0
156.0
156.0
156.0
156.0
156.0
156.0
156.0
156.0
156.0
156.0
156.0
156.0
156.0
156.0
156.0
156.0
156.0
156.0
156.0
156.0
156.0
156.0
156.0
156.0
156.0
156.0
156.0
156.0
156.0
156.0
156.0
156.0
156.0
156.0
156.0
156.0
156.0
156.0
156.0
156.0
156.0
156.0
156.0
157.0
157.0
157.0
160.0
160.0
160.0
163.0
163.0
163.0
166.0
166.0
166.0
169.0
169.0
169.0
172.0
172.0
172.0
175.0
175.0
175.0
176.0
176.0
176.0
176.0
176.0
176.0
176.0
176.0
176.0
176.0
176.0
176.0
176.0
176.0
176.0
176.0
176.0
176.0
176.0
176.0
176.0
176.0
176.0
176.0
176.0
176.0
176.0
176.0
176.0
176.0
176.0
176.0
176.0
176.0
176.0
176.0
176.0
176.0
176.0
176.0
176.0
176.0
176.0
176.0
176.0
176.0
176.0
176.0
176.0
176.0
176.0
176.0
176.0
176.0
176.0
176.0
176.0
176.0
176.0
176.0
176.0
176.0
176.0
176.0
176.0
176.0
176.0
176.0
176.0
176.0
176.0
176.0
176.0
176.0
176.0
176.0
176.0
176.0
176.0
176.0
176.0
176.0
176.0
176.0
176.0
176.0
176.0
176.0
176.0
176.0
176.0
176.0
176.0
176.0
176.0
176.0
176.0
176.0
176.0
178.0
178.0
178.0
181.0
181.0
181.0
184.0
184.0
184.0
187.0
187.0
187.0
190.0
190.0
190.0
193.0
193.0
193.0
196.0
196.0
196.0
199.0
199.0
199.0
202.0
202.0
202.0
203.0
203.0
203.0
204.0
204.0
204.0
207.0
207.0
207.0
207.0
207.0
207.0
207.0
207.0
207.0
207.0
207.0
207.0
207.0
207.0
207.0
209.0
209.0
209.0
212.0
212.0
212.0
215.0
215.0
215.0
218.0
218.0
218.0
221.0
221.0
221.0
224.0
224.0
224.0
227.0
227.0
227.0
230.0
230.0
230.0
233.0
233.0
233.0
236.0
236.0
236.0
239.0
239.0
239.0
242.0
242.0
242.0
245.0
245.0
245.0
248.0
248.0
248.0
251.0
251.0
251.0
254.0
254.0
254.0
257.0
257.0
257.0
260.0
260.0
260.0
263.0
263.0
263.0
266.0
266.0
267.0
267.0
267.0
267.0
267.0
267.0
267.0
267.0
267.0
267.0
267.0
267.0
267.0
267.0
267.0
267.0
267.0
267.0
267.0
267.0
267.0
267.0
267.0
267.0
267.0
267.0
267.0
267.0
267.0
267.0
267.0
267.0
267.0
267.0
267.0
267.0
267.0
267.0
267.0
267.0
267.0
267.0
267.0
267.0
267.0
267.0
267.0
267.0
267.0
267.0
267.0
267.0
267.0
267.0
267.0
267.0
267.0
267.0
267.0
267.0
267.0
267.0
267.0
267.0
267.0
267.0
267.0
267.0
267.0
266.0
266.0
266.0
263.0
263.0
263.0
260.0
260.0
260.0
257.0
257.0
257.0
254.0
254.0
254.0
251.0
251.0
251.0
248.0
248.0
248.0
245.0
245.0
245.0
244.0
244.0
244.0
244.0
244.0
244.0
244.0
244.0
244.0
244.0
244.0
244.0
244.0
244.0
244.0
244.0
244.0
244.0
242.0
242.0
242.0
239.0
239.0
239.0
236.0
236.0
236.0
233.0
233.0
233.0
230.0
230.0
230.0
230.0
230.0
230.0
230.0
230.0
230.0
230.0
230.0
230.0
229.0
229.0
229.0
226.0
226.0
226.0
223.0
223.0
223.0
220.0
220.0
220.0
217.0
217.0
217.0
215.0
215.0
215.0
215.0
215.0
215.0
215.0
215.0
215.0
215.0
215.0
215.0
215.0
215.0
215.0
215.0
215.0
215.0
215.0
215.0
215.0
215.0
215.0
215.0
215.0
215.0
215.0
215.0
215.0
215.0
215.0
215.0
215.0
215.0
215.0
215.0
215.0
215.0
215.0
215.0
215.0
215.0
215.0
215.0
215.0
212.0
212.0
212.0
209.0
209.0
209.0
206.0
206.0
206.0
203.0
203.0
203.0
200.0
200.0
200.0
197.0
197.0
197.0
196.0
196.0
196.0
196.0
196.0
196.0
196.0
196.0
196.0
196.0
196.0
196.0
196.0
196.0
196.0
199.0
199.0
199.0
202.0
202.0
202.0
205.0
205.0
205.0
208.0
208.0
208.0
211.0
211.0
211.0
211.0
211.0
211.0
211.0
211.0
211.0
211.0
211.0
211.0
211.0
211.0
211.0
211.0
211.0
211.0
211.0
211.0
211.0
211.0
211.0
211.0
211.0
211.0
211.0
211.0
211.0
211.0
211.0
211.0
211.0
211.0
211.0
211.0
211.0
211.0
211.0
211.0
211.0
211.0
211.0
211.0
211.0
213.0
213.0
213.0
216.0
216.0
216.0
219.0
219.0
219.0
222.0
222.0
222.0
225.0
225.0
225.0
225.0
225.0
225.0
225.0
225.0
225.0
225.0
225.0
225.0
227.0
227.0
227.0
230.0
230.0
230.0
233.0
233.0
233.0
236.0
236.0
236.0
239.0
239.0
239.0
242.0
242.0
242.0
245.0
245.0
245.0
248.0
248.0
248.0
251.0
251.0
251.0
251.0
251.0
251.0
251.0
251.0
251.0
251.0
251.0
251.0
251.0
251.0
251.0
251.0
251.0
251.0
251.0
251.0
251.0
251.0
251.0
251.0
251.0
251.0
251.0
251.0
251.0
251.0
251.0
251.0
251.0
251.0
251.0
251.0
251.0
251.0
251.0
251.0
251.0
251.0
251.0
251.0
251.0
251.0
251.0
251.0
253.0
253.0
253.0
256.0
256.0
256.0
259.0
259.0
259.0
262.0
262.0
262.0
262.0
262.0
262.0
262.0
262.0
262.0
264.0
264.0
264.0
266.0
266.0
266.0
266.0
266.0
266.0
266.0
266.0
266.0
266.0
266.0
266.0
269.0
269.0
269.0
272.0
272.0
272.0
273.0
273.0
273.0
273.0
273.0
273.0
273.0
273.0
273.0
273.0
273.0
273.0
273.0
273.0
273.0
273.0
273.0
273.0
273.0
273.0
273.0
273.0
273.0
273.0
273.0
273.0
273.0
273.0
273.0
273.0
273.0
273.0
273.0
273.0
273.0
273.0
273.0
273.0
273.0
273.0
273.0
273.0
273.0
273.0
273.0
273.0
273.0
273.0
273.0
273.0
273.0
273.0
273.0
273.0
273.0
273.0
273.0
273.0
273.0
273.0
273.0
273.0
273.0
273.0
273.0
273.0
273.0
273.0
273.0
273.0
273.0
273.0
273.0
273.0
273.0
273.0
273.0
273.0
273.0
273.0
273.0
273.0
273.0
273.0
273.0
273.0
273.0
273.0
273.0
273.0
273.0
273.0
273.0
273.0
273.0
273.0
273.0
273.0
273.0
273.0
273.0
273.0
273.0
273.0
273.0
273.0
273.0
273.0
273.0
273.0
273.0
273.0
273.0
273.0
273.0
273.0
273.0
273.0
273.0
273.0
273.0
273.0
273.0
273.0
273.0
273.0
273.0
273.0
273.0
273.0
273.0
273.0
273.0
273.0
273.0
273.0
273.0
273.0
273.0
273.0
273.0
273.0
273.0
273.0
273.0
273.0
273.0
273.0
273.0
273.0
273.0
273.0
273.0
273.0
273.0
273.0
273.0
273.0
273.0
273.0
273.0
273.0
273.0
273.0
273.0
273.0
273.0
273.0
273.0
273.0
273.0
273.0
273.0
273.0
273.0
273.0
273.0
273.0
273.0
273.0
276.0
276.0
276.0
279.0
279.0
279.0
282.0
282.0
282.0
285.0
285.0
285.0
288.0
288.0
288.0
291.0
291.0
291.0
294.0
294.0
294.0
297.0
297.0
297.0
300.0
300.0
300.0
303.0
303.0
303.0
306.0
306.0
306.0
309.0
309.0
309.0
312.0
312.0
312.0
