0.0
0.0
0.0
0.0
0.0
0.0
0.0
0.0
0.0
0.0
0.0
0.0
0.0
0.0
0.0
0.0
0.0
0.0
0.0
0.0
0.0
0.0
0.0
0.0
0.0
0.0
0.0
0.0
0.0
0.0
0.0
0.0
0.0
0.0
0.0
0.0
0.0
0.0
0.0
0.0
0.0
0.0
0.0
0.0
0.0
0.0
0.0
0.0
0.0
0.0
0.0
0.0
0.0
0.0
0.0
0.0
0.0
0.0
0.0
0.0
0.0
1.0
1.0
1.0
2.0
2.0
2.0
2.0
2.0
2.0
3.0
3.0
3.0
4.0
4.0
4.0
5.0
5.0
5.0
7.0
7.0
8.0
8.0
8.0
9.0
9.0
9.0
11.0
11.0
11.0
14.0
14.0
14.0
17.0
17.0
17.0
20.0
20.0
20.0
23.0
23.0
23.0
26.0
26.0
26.0
29.0
29.0
29.0
32.0
32.0
32.0
35.0
35.0
35.0
38.0
38.0
38.0
41.0
41.0
41.0
44.0
44.0
47.0
47.0
47.0
50.0
50.0
50.0
53.0
53.0
53.0
56.0
56.0
56.0
59.0
59.0
59.0
62.0
62.0
62.0
65.0
65.0
65.0
68.0
68.0
68.0
71.0
71.0
71.0
74.0
74.0
74.0
77.0
77.0
77.0
80.0
80.0
80.0
83.0
83.0
83.0
85.0
85.0
88.0
88.0
88.0
91.0
91.0
91.0
94.0
94.0
94.0
97.0
97.0
97.0
100.0
100.0
100.0
103.0
103.0
103.0
106.0
106.0
106.0
109.0
109.0
109.0
112.0
112.0
112.0
115.0
115.0
115.0
118.0
118.0
118.0
121.0
121.0
121.0
124.0
124.0
124.0
127.0
127.0
130.0
130.0
130.0
133.0
133.0
133.0
136.0
136.0
136.0
139.0
139.0
139.0
142.0
142.0
142.0
145.0
145.0
145.0
148.0
148.0
148.0
151.0
151.0
151.0
154.0
154.0
154.0
157.0
157.0
157.0
160.0
160.0
160.0
163.0
163.0
163.0
166.0
166.0
166.0
169.0
169.0
172.0
172.0
172.0
175.0
175.0
175.0
178.0
178.0
178.0
181.0
181.0
181.0
184.0
184.0
184.0
187.0
187.0
187.0
190.0
190.0
190.0
193.0
193.0
193.0
196.0
196.0
196.0
199.0
199.0
199.0
202.0
202.0
202.0
205.0
205.0
205.0
208.0
208.0
208.0
211.0
211.0
213.0
213.0
213.0
215.0
215.0
215.0
218.0
218.0
218.0
221.0
221.0
221.0
224.0
224.0
224.0
225.0
225.0
225.0
225.0
225.0
225.0
225.0
225.0
225.0
225.0
225.0
225.0
228.0
228.0
228.0
229.0
229.0
229.0
229.0
229.0
229.0
229.0
229.0
229.0
229.0
229.0
229.0
229.0
229.0
229.0
229.0
229.0
229.0
229.0
229.0
229.0
229.0
229.0
229.0
229.0
229.0
229.0
229.0
229.0
229.0
229.0
229.0
229.0
229.0
229.0
232.0
232.0
232.0
234.0
234.0
234.0
234.0
234.0
234.0
236.0
236.0
236.0
236.0
236.0
236.0
238.0
238.0
239.0
239.0
239.0
239.0
239.0
239.0
241.0
241.0
241.0
242.0
242.0
242.0
243.0
243.0
243.0
244.0
244.0
244.0
247.0
247.0
247.0
248.0
248.0
248.0
248.0
248.0
248.0
248.0
248.0
248.0
249.0
249.0
249.0
250.0
250.0
250.0
250.0
250.0
250.0
252.0
252.0
254.0
254.0
254.0
255.0
255.0
255.0
256.0
256.0
256.0
256.0
256.0
256.0
258.0
258.0
258.0
259.0
259.0
259.0
259.0
259.0
259.0
259.0
259.0
259.0
260.0
260.0
260.0
261.0
261.0
261.0
261.0
261.0
261.0
262.0
262.0
262.0
263.0
263.0
263.0
264.0
264.0
265.0
265.0
265.0
266.0
266.0
266.0
266.0
266.0
266.0
266.0
266.0
266.0
267.0
267.0
267.0
268.0
268.0
268.0
268.0
268.0
268.0
269.0
269.0
269.0
270.0
270.0
270.0
272.0
272.0
272.0
275.0
275.0
275.0
278.0
278.0
278.0
281.0
281.0
281.0
284.0
284.0
287.0
287.0
287.0
290.0
290.0
290.0
293.0
293.0
293.0
296.0
296.0
296.0
299.0
299.0
299.0
302.0
302.0
302.0
305.0
305.0
305.0
308.0
308.0
308.0
311.0
311.0
311.0
314.0
314.0
314.0
317.0
317.0
317.0
320.0
320.0
320.0
323.0
323.0
323.0
326.0
326.0
329.0
329.0
329.0
332.0
332.0
332.0
335.0
335.0
335.0
338.0
338.0
338.0
341.0
341.0
341.0
344.0
344.0
344.0
347.0
347.0
347.0
350.0
350.0
350.0
353.0
353.0
353.0
356.0
356.0
356.0
359.0
359.0
359.0
362.0
362.0
362.0
365.0
365.0
368.0
368.0
368.0
371.0
371.0
371.0
374.0
374.0
374.0
377.0
377.0
377.0
380.0
380.0
380.0
383.0
383.0
383.0
386.0
386.0
386.0
389.0
389.0
389.0
392.0
392.0
392.0
395.0
395.0
395.0
398.0
398.0
398.0
401.0
401.0
401.0
404.0
404.0
404.0
407.0
407.0
410.0
410.0
410.0
413.0
413.0
413.0
416.0
416.0
416.0
419.0
419.0
419.0
422.0
422.0
422.0
425.0
425.0
425.0
428.0
428.0
428.0
430.0
430.0
430.0
433.0
433.0
433.0
436.0
436.0
436.0
439.0
439.0
439.0
442.0
442.0
442.0
445.0
445.0
445.0
448.0
448.0
451.0
451.0
451.0
454.0
454.0
454.0
457.0
457.0
457.0
460.0
460.0
460.0
463.0
463.0
463.0
466.0
466.0
466.0
469.0
469.0
469.0
472.0
472.0
472.0
475.0
475.0
475.0
478.0
478.0
478.0
481.0
481.0
481.0
482.0
482.0
482.0
484.0
484.0
484.0
485.0
485.0
487.0
487.0
487.0
488.0
488.0
488.0
490.0
490.0
490.0
492.0
492.0
492.0
495.0
495.0
495.0
498.0
498.0
498.0
501.0
501.0
501.0
504.0
504.0
504.0
507.0
507.0
507.0
510.0
510.0
510.0
513.0
513.0
513.0
516.0
516.0
516.0
519.0
519.0
519.0
522.0
522.0
525.0
525.0
525.0
528.0
528.0
528.0
531.0
531.0
531.0
534.0
534.0
534.0
537.0
537.0
537.0
539.0
539.0
539.0
541.0
541.0
541.0
543.0
543.0
543.0
544.0
544.0
544.0
547.0
547.0
547.0
550.0
550.0
550.0
552.0
552.0
552.0
555.0
555.0
555.0
558.0
558.0
560.0
560.0
560.0
562.0
562.0
562.0
565.0
565.0
565.0
568.0
568.0
568.0
571.0
571.0
571.0
574.0
574.0
574.0
577.0
577.0
577.0
580.0
580.0
580.0
583.0
583.0
583.0
586.0
586.0
586.0
589.0
589.0
589.0
592.0
592.0
592.0
595.0
595.0
595.0
598.0
598.0
601.0
601.0
601.0
604.0
604.0
604.0
607.0
607.0
607.0
610.0
610.0
610.0
613.0
613.0
613.0
616.0
616.0
616.0
619.0
619.0
619.0
622.0
622.0
622.0
625.0
625.0
625.0
628.0
628.0
628.0
629.0
629.0
629.0
629.0
629.0
629.0
631.0
631.0
631.0
633.0
633.0
636.0
636.0
636.0
639.0
639.0
639.0
642.0
642.0
642.0
645.0
645.0
645.0
648.0
648.0
648.0
651.0
651.0
651.0
653.0
653.0
653.0
655.0
655.0
655.0
658.0
658.0
658.0
661.0
661.0
661.0
664.0
664.0
664.0
667.0
667.0
667.0
670.0
670.0
670.0
673.0
673.0
676.0
676.0
676.0
679.0
679.0
679.0
682.0
682.0
682.0
685.0
685.0
685.0
688.0
688.0
688.0
691.0
691.0
691.0
694.0
694.0
694.0
697.0
697.0
697.0
700.0
700.0
700.0
703.0
703.0
703.0
706.0
706.0
706.0
709.0
709.0
709.0
712.0
712.0
712.0
715.0
715.0
718.0
718.0
718.0
721.0
721.0
721.0
724.0
724.0
724.0
727.0
727.0
727.0
730.0
730.0
730.0
733.0
733.0
733.0
736.0
736.0
736.0
739.0
739.0
739.0
742.0
742.0
742.0
744.0
744.0
744.0
747.0
747.0
747.0
750.0
750.0
750.0
753.0
753.0
753.0
756.0
756.0
758.0
758.0
758.0
761.0
761.0
761.0
764.0
764.0
764.0
767.0
767.0
767.0
770.0
770.0
770.0
773.0
773.0
773.0
776.0
776.0
776.0
779.0
779.0
779.0
782.0
782.0
782.0
785.0
785.0
785.0
788.0
788.0
788.0
791.0
791.0
791.0
794.0
794.0
794.0
797.0
797.0
800.0
800.0
800.0
803.0
803.0
803.0
806.0
806.0
806.0
809.0
809.0
809.0
812.0
812.0
812.0
814.0
814.0
814.0
812.0
812.0
812.0
809.0
809.0
809.0
809.0
809.0
809.0
809.0
809.0
809.0
807.0
807.0
807.0
807.0
807.0
807.0
804.0
804.0
804.0
802.0
802.0
801.0
801.0
801.0
800.0
800.0
800.0
800.0
800.0
800.0
799.0
799.0
799.0
798.0
798.0
798.0
798.0
798.0
798.0
798.0
798.0
798.0
798.0
798.0
798.0
798.0
798.0
798.0
798.0
798.0
798.0
798.0
798.0
798.0
800.0
800.0
800.0
803.0
803.0
806.0
806.0
806.0
809.0
809.0
809.0
812.0
812.0
812.0
815.0
815.0
815.0
818.0
818.0
818.0
821.0
821.0
821.0
824.0
824.0
824.0
827.0
827.0
827.0
830.0
830.0
830.0
833.0
833.0
833.0
836.0
836.0
836.0
839.0
839.0
839.0
842.0
842.0
842.0
845.0
845.0
848.0
848.0
848.0
851.0
851.0
851.0
854.0
854.0
854.0
857.0
857.0
857.0
860.0
860.0
860.0
863.0
863.0
863.0
866.0
866.0
866.0
869.0
869.0
869.0
872.0
872.0
872.0
875.0
875.0
875.0
878.0
878.0
878.0
881.0
881.0
881.0
884.0
884.0
884.0
887.0
887.0
890.0
890.0
890.0
893.0
893.0
893.0
896.0
896.0
896.0
899.0
899.0
899.0
902.0
902.0
902.0
905.0
905.0
905.0
908.0
908.0
908.0
911.0
911.0
911.0
914.0
914.0
914.0
917.0
917.0
917.0
919.0
919.0
919.0
922.0
922.0
922.0
925.0
925.0
925.0
928.0
928.0
931.0
931.0
931.0
934.0
934.0
934.0
937.0
937.0
937.0
940.0
940.0
940.0
943.0
943.0
943.0
946.0
946.0
946.0
949.0
949.0
949.0
952.0
952.0
952.0
955.0
955.0
955.0
958.0
958.0
958.0
961.0
961.0
961.0
964.0
964.0
964.0
967.0
967.0
967.0
970.0
970.0
973.0
973.0
973.0
976.0
976.0
976.0
979.0
979.0
979.0
982.0
982.0
982.0
985.0
985.0
985.0
988.0
988.0
988.0
991.0
991.0
991.0
994.0
994.0
994.0
997.0
997.0
997.0
1000.0
1000.0
1000.0
1003.0
1003.0
1003.0
1006.0
1006.0
1006.0
1009.0
1009.0
1009.0
1012.0
1012.0
1015.0
1015.0
1015.0
1018.0
1018.0
1018.0
1021.0
1021.0
1021.0
1024.0
1024.0
1024.0
1027.0
1027.0
1027.0
1029.0
1029.0
1029.0
1032.0
1032.0
1032.0
1035.0
1035.0
1035.0
1038.0
1038.0
1038.0
1041.0
1041.0
1041.0
1044.0
1044.0
1044.0
1047.0
1047.0
1047.0
1050.0
1050.0
1050.0
1053.0
1053.0
1056.0
1056.0
1056.0
1059.0
1059.0
1059.0
1062.0
1062.0
1062.0
1065.0
1065.0
1065.0
1068.0
1068.0
1068.0
1071.0
1071.0
1071.0
1074.0
1074.0
1074.0
1077.0
1077.0
1077.0
1080.0
1080.0
1080.0
1082.0
1082.0
1082.0
1085.0
1085.0
1085.0
1088.0
1088.0
1088.0
1091.0
1091.0
1091.0
1094.0
1094.0
1097.0
1097.0
1097.0
1100.0
1100.0
1100.0
1103.0
1103.0
1103.0
1106.0
1106.0
1106.0
1109.0
1109.0
1109.0
1112.0
1112.0
1112.0
1115.0
1115.0
1115.0
1118.0
1118.0
1118.0
1121.0
1121.0
1121.0
1124.0
1124.0
1124.0
1127.0
1127.0
1127.0
1130.0
1130.0
1130.0
1133.0
1133.0
1133.0
1136.0
1136.0
1139.0
1139.0
1139.0
1142.0
1142.0
1142.0
1145.0
1145.0
1145.0
1148.0
1148.0
1148.0
1151.0
1151.0
1151.0
1154.0
1154.0
1154.0
1157.0
1157.0
1157.0
1160.0
1160.0
1160.0
1163.0
1163.0
1163.0
1166.0
1166.0
1166.0
1169.0
1169.0
1169.0
1172.0
1172.0
1172.0
1175.0
1175.0
1175.0
1178.0
1178.0
1181.0
1181.0
1181.0
1184.0
1184.0
1184.0
1187.0
1187.0
1187.0
1188.0
1188.0
1188.0
1190.0
1190.0
1190.0
1192.0
1192.0
1192.0
1195.0
1195.0
1195.0
1197.0
1197.0
1197.0
1200.0
1200.0
1200.0
1203.0
1203.0
1203.0
1206.0
1206.0
1206.0
1209.0
1209.0
1209.0
1212.0
1212.0
1212.0
1214.0
1214.0
1216.0
1216.0
1216.0
1217.0
1217.0
1217.0
1220.0
1220.0
1220.0
1223.0
1223.0
1223.0
1226.0
1226.0
1226.0
1229.0
1229.0
1229.0
1232.0
1232.0
1232.0
1235.0
1235.0
1235.0
1238.0
1238.0
1238.0
1241.0
1241.0
1241.0
1244.0
1244.0
1244.0
1247.0
1247.0
1247.0
1250.0
1250.0
1250.0
1253.0
1253.0
1256.0
1256.0
1256.0
1259.0
1259.0
1259.0
1262.0
1262.0
1262.0
1265.0
1265.0
1265.0
1268.0
1268.0
1268.0
1271.0
1271.0
1271.0
1274.0
1274.0
1274.0
1277.0
1277.0
1277.0
1280.0
1280.0
1280.0
1283.0
1283.0
1283.0
1286.0
1286.0
1286.0
1288.0
1288.0
1288.0
1291.0
1291.0
1291.0
1294.0
1294.0
1297.0
1297.0
1297.0
1300.0
1300.0
1300.0
1303.0
1303.0
1303.0
1306.0
1306.0
1306.0
1309.0
1309.0
1309.0
1312.0
1312.0
1312.0
1315.0
1315.0
1315.0
1318.0
1318.0
1318.0
1321.0
1321.0
1321.0
1324.0
1324.0
1324.0
1327.0
1327.0
1327.0
1330.0
1330.0
1330.0
1333.0
1333.0
1333.0
