0.0
0.0
0.0
0.0
0.0
0.0
0.0
0.0
0.0
0.0
0.0
0.0
0.0
0.0
0.0
0.0
0.0
0.0
0.0
0.0
0.0
0.0
0.0
0.0
0.0
0.0
0.0
0.0
0.0
0.0
0.0
0.0
0.0
0.0
0.0
0.0
0.0
0.0
0.0
0.0
0.0
0.0
0.0
0.0
0.0
0.0
0.0
0.0
0.0
0.0
0.0
0.0
0.0
0.0
0.0
0.0
0.0
0.0
0.0
0.0
0.0
0.0
0.0
0.0
0.0
0.0
0.0
0.0
0.0
0.0
0.0
0.0
0.0
0.0
0.0
0.0
0.0
0.0
0.0
0.0
0.0
0.0
0.0
0.0
0.0
0.0
0.0
0.0
0.0
0.0
0.0
0.0
0.0
0.0
0.0
0.0
0.0
0.0
0.0
0.0
0.0
-2.0
-2.0
-2.0
-5.0
-5.0
-5.0
-5.0
-5.0
-5.0
-5.0
-5.0
-5.0
-5.0
-5.0
-5.0
-8.0
-8.0
-8.0
-11.0
-11.0
-11.0
-14.0
-14.0
-14.0
-14.0
-14.0
-14.0
-14.0
-14.0
-14.0
-14.0
-14.0
-14.0
-14.0
-14.0
-14.0
-14.0
-14.0
-14.0
-14.0
-14.0
-14.0
-14.0
-14.0
-14.0
-17.0
-17.0
-17.0
-20.0
-20.0
-20.0
-22.0
-22.0
-22.0
-22.0
-22.0
-22.0
-22.0
-22.0
-22.0
-20.0
-20.0
-20.0
-17.0
-17.0
-17.0
-14.0
-14.0
-14.0
-11.0
-11.0
-11.0
-8.0
-8.0
-8.0
-5.0
-5.0
-5.0
-2.0
-2.0
-2.0
1.0
1.0
1.0
4.0
4.0
4.0
7.0
7.0
7.0
10.0
10.0
10.0
13.0
13.0
13.0
16.0
16.0
16.0
19.0
19.0
19.0
22.0
22.0
22.0
22.0
22.0
22.0
23.0
23.0
23.0
26.0
26.0
26.0
29.0
29.0
29.0
32.0
32.0
32.0
35.0
35.0
35.0
38.0
38.0
38.0
41.0
41.0
41.0
44.0
44.0
44.0
45.0
45.0
45.0
45.0
45.0
45.0
45.0
45.0
45.0
45.0
45.0
45.0
45.0
45.0
45.0
46.0
46.0
46.0
49.0
49.0
49.0
52.0
52.0
52.0
55.0
55.0
55.0
58.0
58.0
58.0
61.0
61.0
61.0
64.0
64.0
64.0
66.0
66.0
66.0
66.0
66.0
66.0
66.0
66.0
66.0
66.0
66.0
66.0
66.0
66.0
66.0
66.0
66.0
66.0
66.0
66.0
66.0
66.0
66.0
66.0
66.0
66.0
66.0
66.0
66.0
66.0
66.0
66.0
66.0
67.0
67.0
67.0
70.0
70.0
70.0
73.0
73.0
73.0
74.0
74.0
74.0
74.0
74.0
74.0
74.0
74.0
74.0
74.0
74.0
74.0
74.0
74.0
74.0
74.0
74.0
74.0
74.0
74.0
74.0
74.0
74.0
74.0
74.0
74.0
74.0
74.0
74.0
74.0
74.0
74.0
74.0
74.0
74.0
74.0
74.0
74.0
74.0
76.0
76.0
76.0
79.0
79.0
79.0
81.0
81.0
81.0
81.0
81.0
81.0
81.0
81.0
81.0
81.0
81.0
81.0
81.0
81.0
81.0
81.0
81.0
81.0
81.0
81.0
81.0
81.0
81.0
81.0
81.0
81.0
81.0
81.0
81.0
81.0
81.0
81.0
81.0
84.0
84.0
84.0
87.0
87.0
87.0
90.0
90.0
90.0
93.0
93.0
93.0
96.0
96.0
96.0
99.0
99.0
99.0
102.0
102.0
102.0
105.0
105.0
105.0
108.0
108.0
108.0
111.0
111.0
111.0
114.0
114.0
114.0
117.0
117.0
117.0
120.0
120.0
120.0
123.0
123.0
123.0
126.0
126.0
126.0
129.0
129.0
129.0
132.0
132.0
132.0
135.0
135.0
135.0
138.0
138.0
138.0
141.0
141.0
141.0
144.0
144.0
144.0
147.0
147.0
147.0
150.0
150.0
150.0
153.0
153.0
153.0
156.0
156.0
156.0
159.0
159.0
159.0
162.0
162.0
162.0
165.0
165.0
165.0
168.0
168.0
168.0
171.0
171.0
171.0
172.0
172.0
172.0
172.0
172.0
172.0
172.0
172.0
172.0
172.0
172.0
172.0
172.0
172.0
172.0
172.0
172.0
172.0
172.0
172.0
172.0
172.0
172.0
172.0
172.0
172.0
172.0
172.0
172.0
172.0
172.0
172.0
172.0
172.0
172.0
172.0
172.0
172.0
172.0
172.0
172.0
172.0
172.0
172.0
172.0
172.0
172.0
172.0
172.0
172.0
172.0
172.0
172.0
172.0
172.0
172.0
172.0
172.0
172.0
172.0
172.0
172.0
172.0
172.0
172.0
172.0
172.0
172.0
172.0
172.0
172.0
172.0
172.0
172.0
172.0
172.0
172.0
172.0
172.0
172.0
172.0
172.0
172.0
172.0
172.0
172.0
172.0
172.0
172.0
172.0
172.0
172.0
172.0
172.0
172.0
172.0
172.0
172.0
172.0
172.0
172.0
172.0
172.0
172.0
172.0
175.0
175.0
175.0
178.0
178.0
178.0
179.0
179.0
179.0
179.0
179.0
179.0
179.0
179.0
179.0
179.0
179.0
179.0
179.0
179.0
179.0
179.0
179.0
179.0
179.0
179.0
179.0
179.0
179.0
179.0
179.0
179.0
179.0
179.0
179.0
179.0
179.0
179.0
179.0
179.0
179.0
179.0
180.0
180.0
180.0
183.0
183.0
183.0
186.0
186.0
186.0
189.0
189.0
189.0
192.0
192.0
192.0
195.0
195.0
195.0
196.0
196.0
196.0
196.0
196.0
196.0
196.0
196.0
196.0
196.0
196.0
196.0
196.0
196.0
196.0
196.0
196.0
196.0
196.0
196.0
196.0
196.0
196.0
196.0
196.0
196.0
196.0
196.0
196.0
196.0
196.0
196.0
196.0
196.0
196.0
196.0
196.0
196.0
196.0
196.0
196.0
196.0
196.0
196.0
196.0
196.0
196.0
196.0
196.0
196.0
196.0
196.0
196.0
196.0
196.0
196.0
196.0
196.0
196.0
196.0
196.0
196.0
196.0
196.0
196.0
196.0
196.0
196.0
196.0
196.0
196.0
196.0
196.0
196.0
196.0
196.0
196.0
196.0
196.0
196.0
196.0
196.0
196.0
196.0
199.0
199.0
199.0
202.0
202.0
202.0
205.0
205.0
205.0
208.0
208.0
208.0
211.0
211.0
211.0
214.0
214.0
214.0
217.0
217.0
217.0
220.0
220.0
220.0
223.0
223.0
223.0
226.0
226.0
226.0
229.0
229.0
229.0
232.0
232.0
232.0
235.0
235.0
235.0
236.0
236.0
236.0
236.0
236.0
236.0
236.0
236.0
236.0
236.0
236.0
236.0
236.0
236.0
236.0
236.0
236.0
236.0
236.0
236.0
236.0
236.0
236.0
236.0
236.0
236.0
236.0
236.0
236.0
236.0
236.0
236.0
236.0
236.0
236.0
236.0
238.0
238.0
238.0
241.0
241.0
241.0
244.0
244.0
244.0
247.0
247.0
247.0
250.0
250.0
250.0
253.0
253.0
253.0
256.0
256.0
256.0
259.0
259.0
259.0
262.0
262.0
262.0
265.0
265.0
265.0
268.0
268.0
268.0
271.0
271.0
271.0
274.0
274.0
274.0
277.0
277.0
277.0
280.0
280.0
280.0
283.0
283.0
283.0
