0.0
0.0
0.0
0.0
0.0
0.0
0.0
0.0
0.0
0.0
0.0
0.0
0.0
0.0
0.0
0.0
0.0
0.0
0.0
0.0
0.0
0.0
0.0
0.0
0.0
0.0
0.0
0.0
0.0
0.0
0.0
0.0
0.0
0.0
0.0
0.0
0.0
0.0
0.0
0.0
0.0
0.0
0.0
0.0
0.0
0.0
0.0
0.0
0.0
0.0
0.0
3.0
3.0
3.0
5.0
5.0
8.0
8.0
8.0
11.0
11.0
11.0
11.0
11.0
11.0
11.0
11.0
11.0
11.0
11.0
11.0
11.0
11.0
11.0
11.0
11.0
11.0
11.0
11.0
11.0
11.0
11.0
11.0
11.0
14.0
14.0
17.0
17.0
17.0
20.0
20.0
20.0
21.0
21.0
19.0
19.0
19.0
16.0
16.0
16.0
13.0
13.0
13.0
13.0
13.0
13.0
13.0
13.0
13.0
13.0
13.0
13.0
13.0
10.0
10.0
10.0
7.0
7.0
7.0
4.0
4.0
1.0
1.0
1.0
1.0
1.0
1.0
1.0
1.0
1.0
0.0
0.0
-1.0
-1.0
-1.0
-2.0
-2.0
-2.0
-3.0
-3.0
-3.0
-3.0
-3.0
-3.0
-3.0
-3.0
-3.0
-3.0
-3.0
-3.0
-3.0
-6.0
-6.0
-6.0
-8.0
-8.0
-8.0
-10.0
-10.0
-13.0
-13.0
-13.0
-15.0
-15.0
-15.0
-16.0
-16.0
-16.0
-16.0
-16.0
-16.0
-16.0
-16.0
-16.0
-16.0
-16.0
-17.0
-17.0
-20.0
-20.0
-20.0
-23.0
-23.0
-23.0
-26.0
-26.0
-29.0
-29.0
-29.0
-31.0
-31.0
-31.0
-33.0
-33.0
-33.0
-33.0
-33.0
-33.0
-33.0
-33.0
-33.0
-33.0
-33.0
-33.0
-33.0
-35.0
-35.0
-35.0
-38.0
-38.0
-38.0
-41.0
-41.0
-41.0
-44.0
-44.0
-47.0
-47.0
-47.0
-49.0
-49.0
-49.0
-49.0
-49.0
-49.0
-49.0
-49.0
-49.0
-49.0
-49.0
-49.0
-49.0
-49.0
-49.0
-49.0
-49.0
-49.0
-49.0
-49.0
-49.0
-49.0
-49.0
-49.0
-49.0
-49.0
-49.0
-49.0
-49.0
-49.0
-49.0
-49.0
-49.0
-49.0
-49.0
-49.0
-49.0
-49.0
-49.0
-49.0
-49.0
-49.0
-49.0
-49.0
-49.0
-49.0
-49.0
-49.0
-49.0
-49.0
-49.0
-49.0
-49.0
-49.0
-49.0
-49.0
-49.0
-49.0
-49.0
-49.0
-49.0
-49.0
-49.0
-49.0
-49.0
-49.0
-49.0
-49.0
-49.0
-49.0
-49.0
-49.0
-49.0
-49.0
-49.0
-49.0
-49.0
-49.0
-49.0
-49.0
-49.0
-49.0
-49.0
-49.0
-52.0
-52.0
-52.0
-55.0
-55.0
-58.0
-58.0
-58.0
-61.0
-61.0
-61.0
-61.0
-61.0
-61.0
-61.0
-61.0
-61.0
-61.0
-61.0
-61.0
-61.0
-61.0
-61.0
-61.0
-61.0
-61.0
-61.0
-61.0
-61.0
-61.0
-63.0
-63.0
-63.0
-66.0
-66.0
-67.0
-67.0
-67.0
-68.0
-68.0
-68.0
-69.0
-69.0
-69.0
-69.0
-69.0
-69.0
-69.0
-69.0
-69.0
-69.0
-69.0
-69.0
-69.0
-69.0
-69.0
-69.0
-69.0
-69.0
-69.0
-69.0
-69.0
-69.0
-69.0
-69.0
-69.0
-69.0
-69.0
-69.0
-69.0
-69.0
-69.0
-69.0
-69.0
-69.0
-69.0
-69.0
-69.0
-69.0
-69.0
-69.0
-69.0
-69.0
-69.0
-69.0
-69.0
-69.0
-69.0
-69.0
-69.0
-69.0
-69.0
-69.0
-69.0
-69.0
-69.0
-69.0
-69.0
-72.0
-72.0
-75.0
-75.0
-75.0
-78.0
-78.0
-78.0
-81.0
-81.0
-84.0
-84.0
-84.0
-87.0
-87.0
-87.0
-90.0
-90.0
-90.0
-93.0
-93.0
-96.0
-96.0
-96.0
-99.0
-99.0
-99.0
-102.0
-102.0
-105.0
-105.0
-105.0
-108.0
-108.0
-108.0
-111.0
-111.0
-111.0
-113.0
-113.0
-113.0
-113.0
-113.0
-113.0
-113.0
-113.0
-113.0
-113.0
-113.0
-113.0
-113.0
-113.0
-113.0
-113.0
-113.0
-113.0
-113.0
-113.0
-113.0
-113.0
-113.0
-113.0
-113.0
-113.0
-113.0
-113.0
-113.0
-113.0
-113.0
-113.0
-113.0
-113.0
-113.0
-113.0
-113.0
-113.0
-113.0
-113.0
-112.0
-112.0
-112.0
-110.0
-110.0
-110.0
-109.0
-109.0
-108.0
-108.0
-108.0
-108.0
-108.0
-108.0
-108.0
-108.0
-108.0
-108.0
-108.0
-108.0
-108.0
-108.0
-108.0
-108.0
-108.0
-108.0
-108.0
-110.0
-110.0
-110.0
-112.0
-112.0
-112.0
-114.0
-114.0
-114.0
-114.0
-114.0
-113.0
-113.0
-113.0
-111.0
-111.0
-111.0
-108.0
-108.0
-105.0
-105.0
-105.0
-103.0
-103.0
-103.0
-100.0
-100.0
-97.0
-97.0
-97.0
-97.0
-97.0
-97.0
-97.0
-97.0
-97.0
-97.0
-97.0
-97.0
-97.0
-97.0
-97.0
-97.0
-97.0
-98.0
-98.0
-100.0
-100.0
-100.0
-103.0
-103.0
-103.0
-106.0
-106.0
-109.0
-109.0
-109.0
-111.0
-111.0
-111.0
-113.0
-113.0
-113.0
-116.0
-116.0
-119.0
-119.0
-119.0
-122.0
-122.0
-122.0
-125.0
-125.0
-128.0
-128.0
-128.0
-131.0
-131.0
-131.0
-134.0
-134.0
-134.0
-137.0
-137.0
-139.0
-139.0
-139.0
-142.0
-142.0
-142.0
-145.0
-145.0
-147.0
-147.0
-147.0
-149.0
-149.0
-149.0
-151.0
-151.0
-151.0
-153.0
-153.0
-155.0
-155.0
-155.0
-158.0
-158.0
-158.0
-161.0
-161.0
-164.0
-164.0
-164.0
-167.0
-167.0
-167.0
-170.0
-170.0
-170.0
-173.0
-173.0
-176.0
-176.0
-176.0
-179.0
-179.0
-179.0
-182.0
-182.0
-185.0
-185.0
-185.0
-187.0
-187.0
-187.0
-190.0
-190.0
-192.0
-192.0
-192.0
-195.0
-195.0
-195.0
-198.0
-198.0
-198.0
-201.0
-201.0
-204.0
-204.0
-204.0
-204.0
-204.0
-204.0
-204.0
-204.0
-204.0
-204.0
-204.0
-204.0
-204.0
-204.0
-204.0
-204.0
-204.0
-204.0
-204.0
-204.0
-204.0
-204.0
-206.0
-206.0
-206.0
-208.0
-208.0
-209.0
-209.0
-209.0
-210.0
-210.0
-210.0
-213.0
-213.0
-213.0
-216.0
-216.0
-219.0
-219.0
-219.0
-222.0
-222.0
-222.0
-225.0
-225.0
-228.0
-228.0
-228.0
-231.0
-231.0
-231.0
-234.0
-234.0
-234.0
-236.0
-236.0
-235.0
-235.0
-235.0
-232.0
-232.0
-232.0
-229.0
-229.0
-226.0
-226.0
-226.0
-223.0
-223.0
-223.0
-221.0
-221.0
-222.0
-222.0
-222.0
-225.0
-225.0
-225.0
-228.0
-228.0
-228.0
-231.0
-231.0
-234.0
-234.0
-234.0
-237.0
-237.0
-237.0
-240.0
-240.0
-243.0
-243.0
-243.0
-246.0
-246.0
-246.0
-249.0
-249.0
-249.0
-252.0
-252.0
-255.0
-255.0
-255.0
-258.0
-258.0
-258.0
-261.0
-261.0
-264.0
-264.0
-264.0
-267.0
-267.0
-267.0
-270.0
-270.0
-270.0
-271.0
-271.0
-271.0
-271.0
-271.0
-271.0
-271.0
-271.0
-271.0
-271.0
-271.0
-271.0
-271.0
-269.0
-269.0
-269.0
-267.0
-267.0
-267.0
-264.0
-264.0
-261.0
-261.0
-261.0
-258.0
-258.0
-258.0
-255.0
-255.0
-252.0
-252.0
-252.0
-250.0
-250.0
-250.0
-247.0
-247.0
-244.0
-244.0
-244.0
-241.0
-241.0
-241.0
-238.0
-238.0
-238.0
-235.0
-235.0
-232.0
-232.0
-232.0
-229.0
-229.0
-229.0
-226.0
-226.0
-223.0
-223.0
-223.0
-220.0
-220.0
-220.0
-217.0
-217.0
-217.0
-214.0
-214.0
-211.0
-211.0
-211.0
-209.0
-209.0
-209.0
-209.0
-209.0
-209.0
-209.0
-209.0
-209.0
-209.0
-209.0
-209.0
-209.0
-209.0
-209.0
-209.0
-209.0
-209.0
-209.0
-209.0
-209.0
-209.0
-211.0
-211.0
-214.0
-214.0
-214.0
-217.0
-217.0
-217.0
-220.0
-220.0
-220.0
-223.0
-223.0
-226.0
-226.0
-226.0
-229.0
-229.0
-229.0
-232.0
-232.0
-235.0
-235.0
-235.0
-238.0
-238.0
-238.0
-241.0
-241.0
-241.0
