0.0
0.0
0.0
0.0
0.0
0.0
0.0
0.0
0.0
0.0
0.0
0.0
0.0
0.0
0.0
0.0
0.0
0.0
0.0
0.0
0.0
0.0
0.0
0.0
0.0
0.0
0.0
0.0
0.0
0.0
0.0
0.0
0.0
0.0
0.0
0.0
0.0
0.0
0.0
0.0
0.0
2.0
2.0
2.0
5.0
5.0
8.0
8.0
8.0
11.0
11.0
11.0
14.0
14.0
14.0
17.0
17.0
17.0
20.0
20.0
20.0
23.0
23.0
23.0
26.0
26.0
26.0
29.0
29.0
29.0
32.0
32.0
32.0
35.0
35.0
35.0
38.0
38.0
38.0
41.0
41.0
41.0
44.0
44.0
44.0
47.0
47.0
47.0
50.0
50.0
50.0
53.0
53.0
56.0
56.0
56.0
59.0
59.0
59.0
62.0
62.0
62.0
65.0
65.0
65.0
68.0
68.0
68.0
71.0
71.0
71.0
73.0
73.0
73.0
76.0
76.0
76.0
79.0
79.0
79.0
82.0
82.0
82.0
85.0
85.0
85.0
88.0
88.0
88.0
91.0
91.0
91.0
93.0
93.0
93.0
96.0
96.0
99.0
99.0
99.0
100.0
100.0
100.0
98.0
98.0
98.0
95.0
95.0
95.0
92.0
92.0
92.0
89.0
89.0
89.0
86.0
86.0
86.0
83.0
83.0
83.0
80.0
80.0
80.0
78.0
78.0
78.0
75.0
75.0
75.0
72.0
72.0
72.0
69.0
69.0
69.0
66.0
66.0
66.0
63.0
63.0
63.0
60.0
60.0
57.0
57.0
57.0
54.0
54.0
54.0
51.0
51.0
51.0
48.0
48.0
48.0
45.0
45.0
45.0
42.0
42.0
42.0
39.0
39.0
39.0
36.0
36.0
36.0
33.0
33.0
33.0
30.0
30.0
30.0
27.0
27.0
27.0
24.0
24.0
24.0
21.0
21.0
21.0
18.0
18.0
18.0
15.0
15.0
15.0
