0.0
0.0
0.0
0.0
0.0
0.0
0.0
0.0
0.0
0.0
0.0
0.0
0.0
0.0
0.0
0.0
0.0
0.0
0.0
0.0
0.0
0.0
0.0
0.0
0.0
0.0
0.0
0.0
0.0
0.0
0.0
0.0
0.0
0.0
0.0
0.0
0.0
0.0
0.0
0.0
0.0
0.0
0.0
0.0
0.0
0.0
0.0
0.0
0.0
0.0
0.0
0.0
0.0
0.0
0.0
0.0
0.0
0.0
0.0
0.0
0.0
0.0
0.0
0.0
0.0
0.0
0.0
0.0
0.0
0.0
0.0
0.0
0.0
0.0
0.0
0.0
0.0
0.0
0.0
0.0
0.0
0.0
0.0
0.0
0.0
0.0
0.0
0.0
0.0
0.0
0.0
0.0
0.0
0.0
0.0
0.0
0.0
0.0
0.0
0.0
0.0
0.0
0.0
0.0
0.0
0.0
0.0
0.0
0.0
0.0
0.0
0.0
0.0
0.0
0.0
0.0
0.0
0.0
0.0
0.0
0.0
0.0
0.0
0.0
0.0
0.0
0.0
0.0
0.0
0.0
0.0
0.0
0.0
0.0
0.0
0.0
0.0
0.0
0.0
0.0
0.0
0.0
0.0
0.0
0.0
0.0
0.0
0.0
0.0
0.0
0.0
0.0
0.0
0.0
0.0
0.0
0.0
0.0
0.0
0.0
0.0
0.0
0.0
0.0
0.0
0.0
0.0
0.0
0.0
0.0
0.0
0.0
0.0
0.0
0.0
0.0
0.0
0.0
0.0
0.0
0.0
0.0
0.0
0.0
0.0
0.0
0.0
0.0
0.0
0.0
0.0
0.0
0.0
0.0
0.0
0.0
0.0
0.0
0.0
0.0
0.0
0.0
0.0
0.0
0.0
0.0
0.0
0.0
0.0
0.0
0.0
0.0
0.0
0.0
0.0
0.0
0.0
0.0
0.0
0.0
0.0
0.0
0.0
0.0
0.0
0.0
0.0
0.0
0.0
0.0
1.0
1.0
1.0
2.0
2.0
2.0
2.0
2.0
2.0
2.0
2.0
2.0
2.0
2.0
2.0
2.0
2.0
2.0
2.0
2.0
2.0
2.0
2.0
2.0
2.0
2.0
2.0
2.0
2.0
2.0
2.0
2.0
2.0
2.0
2.0
2.0
2.0
2.0
2.0
2.0
2.0
2.0
2.0
2.0
2.0
2.0
2.0
2.0
2.0
2.0
2.0
2.0
2.0
2.0
2.0
2.0
2.0
2.0
2.0
2.0
2.0
2.0
2.0
2.0
2.0
2.0
2.0
2.0
2.0
2.0
2.0
2.0
2.0
2.0
2.0
2.0
2.0
2.0
2.0
2.0
2.0
2.0
2.0
2.0
2.0
2.0
2.0
2.0
2.0
2.0
2.0
2.0
2.0
2.0
2.0
2.0
2.0
2.0
2.0
2.0
2.0
2.0
2.0
2.0
2.0
2.0
2.0
2.0
2.0
2.0
2.0
2.0
2.0
2.0
2.0
2.0
2.0
2.0
2.0
2.0
2.0
2.0
2.0
2.0
2.0
2.0
2.0
2.0
2.0
2.0
2.0
2.0
2.0
2.0
2.0
2.0
2.0
2.0
2.0
2.0
2.0
2.0
2.0
2.0
2.0
2.0
2.0
2.0
2.0
2.0
2.0
2.0
2.0
2.0
2.0
2.0
2.0
2.0
0.0
0.0
0.0
-3.0
-3.0
-3.0
-6.0
-6.0
-6.0
-9.0
-9.0
-9.0
-12.0
-12.0
-12.0
-15.0
-15.0
-15.0
-18.0
-18.0
-18.0
-21.0
-21.0
-21.0
-23.0
-23.0
-23.0
-23.0
-23.0
-23.0
-23.0
-23.0
-23.0
-23.0
-23.0
-23.0
-24.0
-24.0
-24.0
-27.0
-27.0
-27.0
-30.0
-30.0
-30.0
-33.0
-33.0
-33.0
-36.0
-36.0
-36.0
-39.0
-39.0
-39.0
-42.0
-42.0
-42.0
-45.0
-45.0
-45.0
-48.0
-48.0
-48.0
-51.0
-51.0
-51.0
-54.0
-54.0
-54.0
-57.0
-57.0
-57.0
-60.0
-60.0
-60.0
-63.0
-63.0
-63.0
-66.0
-66.0
-66.0
-69.0
-69.0
-69.0
-72.0
-72.0
-72.0
-75.0
-75.0
-75.0
-78.0
-78.0
-78.0
-81.0
-81.0
-81.0
-84.0
-84.0
-84.0
-87.0
-87.0
-87.0
-90.0
-90.0
-90.0
-93.0
-93.0
-93.0
-96.0
-96.0
-96.0
-99.0
-99.0
-99.0
-102.0
-102.0
-102.0
-105.0
-105.0
-105.0
-108.0
-108.0
-108.0
-111.0
-111.0
-111.0
-114.0
-114.0
-114.0
-117.0
-117.0
-117.0
-120.0
-120.0
-120.0
-123.0
-123.0
-123.0
-126.0
-126.0
-126.0
-129.0
-129.0
-129.0
-132.0
-132.0
-132.0
-135.0
-135.0
-135.0
-138.0
-138.0
-138.0
-141.0
-141.0
-141.0
-144.0
-144.0
-144.0
-147.0
-147.0
-147.0
-150.0
-150.0
-150.0
-153.0
-153.0
-153.0
-156.0
-156.0
-156.0
-159.0
-159.0
-159.0
-160.0
-160.0
-160.0
