0
0
0
0
0
0
0
0
3
3
3
3
3
3
3
3
3
3
3
3
3
3
3
3
3
3
3
3
3
3
3
3
3
3
3
3
3
3
3
3
3
3
3
3
3
3
3
3
4
7
10
13
16
19
22
25
28
31
33
33
33
33
33
33
33
33
33
33
33
36
39
42
45
45
45
45
45
45
45
45
45
45
45
45
45
45
46
49
52
55
58
61
64
67
70
73
76
79
79
79
79
79
79
79
79
79
79
79
79
79
79
79
79
79
79
82
85
88
91
94
97
100
101
101
101
101
101
101
104
107
110
113
116
119
122
125
128
131
134
137
140
143
146
149
152
155
158
161
164
167
170
173
176
179
182
184
184
184
184
184
184
184
184
184
184
184
184
184
184
184
184
184
184
184
184
184
184
184
184
184
184
187
190
193
194
194
194
194
194
194
194
194
195
198
201
201
201
201
201
201
201
201
201
201
203
206
209
212
215
218
218
218
218
218
218
218
218
218
218
218
218
218
218
218
220
223
226
229
232
232
232
232
232
232
232
232
232
232
232
232
232
232
232
232
232
232
232
232
232
234
237
240
243
243
243
243
243
243
243
243
243
243
243
243
243
244
244
244
242
239
236
233
230
228
228
228
228
225
222
219
216
215
215
215
215
215
214
211
209
209
209
209
209
209
209
209
209
209
209
209
209
209
209
209
209
209
209
209
209
209
209
209
208
206
205
205
202
200
197
195
195
193
192
190
189
188
188
188
188
188
188
188
188
188
188
188
188
188
190
193
196
196
196
196
196
196
196
196
197
200
203
206
209
209
209
209
209
209
209
209
209
209
209
211
212
212
212
212
212
212
212
212
212
212
212
214
217
220
223
226
229
232
233
233
233
233
233
233
233
235
238
241
244
247
250
253
256
259
262
263
263
263
263
263
263
263
263
263
263
263
263
263
263
263
263
263
263
263
263
263
263
263
263
263
261
259
258
256
255
253
250
248
247
245
244
243
242
240
238
235
235
235
235
235
235
235
235
237
240
243
246
249
252
255
258
261
264
267
270
273
