0
0
0
0
0
0
0
0
0
0
-1
-4
-7
-10
-10
-10
-10
-10
-10
-10
-10
-10
-10
-10
-10
-10
-10
-8
-5
-2
0
2
5
8
11
14
17
20
23
23
23
23
23
23
23
23
23
23
23
23
23
23
23
23
23
23
23
23
23
23
23
23
23
23
23
23
23
23
25
28
31
34
37
40
41
41
43
44
44
44
44
44
44
44
44
44
44
44
44
44
44
44
44
44
44
44
44
44
44
44
44
44
44
44
44
44
44
44
44
44
44
44
44
44
44
44
44
44
44
44
44
44
44
44
44
44
44
44
44
44
44
44
44
44
44
44
44
44
44
44
44
44
44
44
44
44
44
44
44
44
44
44
44
44
44
44
44
44
44
44
44
44
44
44
44
44
44
44
44
44
44
44
44
44
44
44
44
44
44
44
44
44
44
46
49
52
55
58
61
61
61
61
61
61
61
61
61
61
61
61
61
61
61
61
61
61
61
61
61
61
61
61
61
61
61
61
61
61
61
61
61
61
61
61
61
61
61
61
61
61
61
61
61
61
61
61
61
61
61
61
61
61
61
61
61
61
61
61
61
61
61
61
61
61
61
61
61
61
61
61
60
57
54
51
48
45
42
39
38
38
38
38
38
38
38
38
38
38
38
38
38
38
38
38
37
34
31
28
25
22
19
16
13
10
7
4
1
-2
-5
-7
-7
-7
-7
-7
-7
-7
-7
-7
-10
-13
-16
-19
-22
-25
-28
-31
