0
0
0
0
0
0
0
0
0
0
0
0
0
0
0
0
0
0
0
0
0
0
0
0
0
0
0
0
0
0
0
0
0
0
0
0
0
0
0
0
0
0
0
0
0
0
0
0
0
0
0
0
0
0
0
0
0
0
0
0
0
0
0
0
0
0
0
0
0
0
2
2
4
4
5
6
6
6
7
8
8
11
12
13
13
13
13
13
13
13
13
13
13
13
13
13
13
13
11
9
7
5
3
0
0
-1
-3
-5
-6
-7
-9
-9
-9
-9
-9
-10
-10
-10
-8
-8
-8
-8
-7
-7
-6
-6
-4
-3
-1
1
1
2
3
5
5
7
7
9
9
10
10
10
10
10
9
9
9
9
7
5
5
5
3
3
3
3
3
3
3
3
3
3
3
3
3
3
3
3
3
3
3
3
3
3
3
3
3
3
3
3
3
3
3
3
3
3
2
1
-1
-3
-4
-5
-7
-8
-9
-9
-9
-12
-12
-12
-12
-12
-12
-12
-12
-12
-12
-12
-12
