0
0
0
0
0
0
0
0
0
0
0
0
0
0
0
0
0
0
0
0
0
0
0
0
0
0
0
0
0
0
0
0
0
0
0
0
0
1
4
7
10
13
16
19
20
20
23
26
26
26
26
26
26
26
26
26
26
26
26
26
27
30
33
34
34
34
34
34
34
34
34
34
34
34
34
34
34
34
36
37
39
39
39
39
39
40
42
43
44
46
48
50
50
50
52
53
54
57
59
60
63
65
66
68
69
70
73
73
73
73
73
75
78
81
83
83
83
83
83
83
83
83
83
83
83
83
83
83
83
83
83
83
83
83
83
83
83
83
83
83
83
83
83
83
83
83
83
83
83
85
88
91
94
97
100
103
106
106
106
106
106
106
106
106
106
106
108
111
114
117
120
123
126
129
132
135
138
141
143
143
143
143
143
143
143
145
148
151
154
157
160
163
166
169
172
175
178
181
184
187
190
193
196
199
202
205
207
207
207
207
207
208
211
214
217
220
