0
0
0
0
0
0
0
0
0
0
0
0
0
0
0
0
0
0
0
0
0
0
0
0
0
0
0
0
0
0
0
0
0
0
0
0
0
0
0
0
0
0
0
0
0
0
0
0
0
0
0
0
0
0
0
0
0
0
0
0
0
0
0
0
0
0
0
0
0
0
0
0
0
0
0
0
0
0
-1
-3
-3
-3
-3
-3
-3
-3
-3
-3
-3
-3
-3
-3
-3
-4
-6
-6
-6
-6
-6
-6
-6
-6
-6
-6
-6
-6
-6
-6
-6
-6
-6
-6
-6
-6
-6
-6
-6
-6
-6
-6
-6
-6
-6
-6
-6
-6
-6
-6
-6
-6
-6
-6
-6
-6
-6
-6
-6
-6
-6
-6
-6
-6
-6
-6
-6
-6
-6
-6
-6
-6
-6
-6
-6
-6
-6
-6
-6
-6
-6
-6
-6
-6
-6
-6
-6
-6
-6
-6
-6
-6
-6
-6
-6
-6
-6
-6
-6
-6
-6
-6
-6
-6
-6
-6
-6
-6
-6
-6
-6
-6
-6
-6
-6
-6
-6
-6
-6
-6
-6
-6
-6
-6
-6
-6
-6
-6
-6
-6
-6
-6
-6
-6
-6
-6
-6
-6
-6
-6
-6
-6
-6
-6
-6
-6
-6
-6
-6
-6
-6
-6
-6
-6
-6
-4
-2
1
4
7
10
13
15
15
15
15
17
17
19
19
19
19
19
19
19
19
19
19
19
19
19
19
19
19
19
19
19
19
19
19
19
19
19
19
19
19
19
22
25
28
31
34
37
40
43
46
47
47
49
50
51
52
52
52
52
49
47
44
43
41
39
38
38
36
36
34
33
31
31
29
29
27
26
25
25
24
22
22
22
22
22
23
23
26
26
27
28
28
29
30
31
32
33
34
34
35
36
37
37
40
42
44
47
50
53
53
50
50
48
46
45
42
39
36
33
30
30
29
28
27
24
21
18
15
12
9
6
3
0
0
-1
-3
-3
-4
-4
-4
-4
-4
-4
-4
-4
-4
-4
-4
-4
-4
-2
1
3
4
7
10
13
15
15
18
21
24
27
29
29
29
29
29
29
26
23
20
18
18
15
12
9
9
8
6
6
6
6
6
6
6
6
6
6
6
9
12
15
18
21
24
27
30
33
36
39
42
45
48
51
54
57
