0
0
0
0
0
0
0
0
0
0
0
0
0
0
0
0
0
1
3
3
3
3
3
3
3
3
3
3
3
3
4
7
10
13
16
19
22
24
24
24
24
24
24
24
24
24
24
24
24
24
24
24
24
24
24
24
25
28
29
29
32
33
33
33
33
33
33
33
33
36
39
42
45
47
47
47
47
47
47
47
47
47
47
47
47
47
47
47
47
47
47
47
47
47
47
47
47
47
47
47
47
47
47
47
47
47
47
47
47
50
53
56
59
61
61
61
61
61
61
61
61
61
61
61
61
61
61
61
61
64
67
70
73
76
79
80
80
80
80
80
80
80
80
80
80
80
80
80
80
80
80
80
80
80
80
80
80
80
80
80
80
80
80
80
80
80
80
80
80
80
80
80
80
80
80
80
80
80
80
80
80
80
80
80
80
80
80
80
80
80
80
80
80
80
80
80
80
80
80
83
85
85
85
85
85
85
85
85
85
85
85
85
85
85
85
85
85
85
85
85
84
84
84
84
84
84
84
84
84
84
83
80
77
74
73
73
73
73
73
73
73
73
73
73
73
73
73
73
73
73
73
73
73
73
73
73
73
73
72
69
66
63
60
57
54
54
54
54
54
54
54
54
54
54
54
54
54
54
54
54
54
54
54
