0
0
0
0
0
0
0
0
0
0
0
0
0
0
0
0
0
0
0
0
0
0
0
0
0
0
0
0
0
0
0
0
0
0
0
0
0
0
0
0
0
0
0
0
1
1
2
2
2
2
2
2
2
2
3
4
6
7
8
9
9
11
12
13
13
13
13
14
15
18
18
18
20
22
24
26
27
28
29
30
31
32
34
36
36
36
36
36
37
37
37
37
37
37
37
37
37
37
37
37
39
39
39
40
40
40
40
40
40
40
40
40
40
40
40
40
40
40
40
42
44
45
45
45
45
45
45
45
45
43
43
43
40
39
38
37
36
36
36
36
36
36
36
36
36
36
36
36
36
35
34
34
34
34
34
34
34
34
34
34
35
36
36
36
36
38
38
38
38
38
38
38
40
43
43
43
44
46
47
50
53
56
59
62
65
68
71
74
77
80
83
84
84
84
84
84
84
84
84
84
84
84
84
84
84
84
84
84
84
84
84
84
84
84
84
84
84
84
84
84
84
84
84
84
84
84
84
84
84
84
84
83
80
77
74
73
73
75
78
81
84
87
90
93
96
99
102
105
108
111
114
115
115
115
115
115
115
115
115
115
115
115
115
115
115
115
115
115
115
115
115
114
111
110
110
110
110
110
110
110
110
110
110
110
110
110
110
110
110
110
108
108
106
105
105
104
103
102
99
97
96
95
95
95
95
95
95
95
95
95
95
95
94
94
94
94
94
94
94
94
94
94
94
94
94
94
94
94
94
94
94
94
94
94
94
94
94
94
94
94
94
94
94
94
94
94
94
94
94
94
94
94
94
94
94
94
94
94
94
94
94
94
94
94
94
94
94
94
94
94
94
94
95
98
101
104
107
109
109
109
109
109
109
109
109
109
109
109
110
113
116
119
122
124
124
124
124
124
124
127
130
133
136
139
141
141
141
141
141
141
141
141
141
141
141
141
141
141
142
142
142
142
143
145
147
149
150
153
156
158
160
161
162
164
166
167
169
171
173
173
173
173
173
173
173
173
173
173
173
