0
0
0
0
0
0
0
0
0
0
0
0
0
0
0
0
0
0
0
0
0
0
0
-1
-3
-3
-3
-3
-3
-3
-3
-3
-3
-3
-3
-3
-3
-3
-3
-3
-3
-3
-3
-3
-3
-2
-1
-1
-1
-1
-1
-1
-1
-1
-1
-1
1
1
1
1
1
1
1
3
5
5
5
5
5
5
5
5
5
5
5
5
5
5
5
5
5
5
5
7
8
8
8
8
8
8
8
8
8
8
8
8
8
8
8
8
8
8
8
6
3
3
3
3
3
3
3
3
3
3
3
3
3
3
3
3
3
3
3
3
3
4
7
10
13
13
13
13
13
13
13
13
13
13
13
13
13
13
13
13
13
13
10
10
10
10
10
10
10
10
10
10
10
10
10
10
10
10
10
10
10
10
10
10
10
8
5
2
-1
-4
-6
-6
-6
-6
-6
-6
-3
0
3
6
9
12
15
18
21
22
22
22
22
22
22
22
22
22
22
22
22
22
22
22
22
22
22
22
22
20
19
19
19
19
19
19
19
19
19
19
19
19
19
19
19
19
19
19
19
19
19
19
19
19
19
19
19
19
19
19
19
19
19
19
19
19
19
19
19
19
19
19
19
19
19
19
19
