0
0
0
0
0
0
0
0
0
0
0
0
0
0
0
0
0
0
0
0
0
0
0
0
0
0
0
0
0
0
0
0
0
0
0
0
0
0
0
3
6
9
12
15
18
21
24
27
30
33
36
39
42
45
48
51
54
57
60
63
66
69
72
75
78
81
84
87
90
93
96
99
102
105
108
111
114
117
120
123
126
129
130
130
130
130
130
130
132
135
138
141
144
147
147
147
147
150
153
156
159
162
165
168
171
174
177
180
183
186
188
188
188
188
188
188
188
189
192
195
198
201
203
203
203
203
203
203
203
203
203
203
203
203
203
203
203
203
203
203
203
203
206
209
212
215
218
221
224
227
230
233
236
239
242
245
248
251
254
257
260
263
266
269
272
275
278
281
284
287
290
293
296
299
302
305
308
311
314
317
320
323
326
329
332
335
338
