0
0
0
0
0
0
0
0
0
-2
-5
-8
-11
-12
-12
-12
-12
-12
-12
-14
-14
-14
-14
-16
-16
-16
-18
-18
-18
-18
-18
-18
-18
-18
-18
-18
-18
-18
-18
-18
-18
-18
-18
-18
-18
-18
-19
-22
-25
-27
-27
-27
-27
-27
-27
-27
-27
-27
-25
-22
-19
-19
-19
-19
-19
-19
-19
-19
-19
-19
-19
-16
-15
-15
-14
-14
-13
-13
-12
-12
-11
-11
-11
-11
-11
-10
-9
-8
-6
-6
-6
-6
-6
-6
-6
-5
-2
1
4
4
4
4
4
4
4
4
4
4
4
4
4
4
4
4
4
4
4
4
4
4
4
4
4
4
4
4
4
4
4
4
4
4
4
4
4
4
4
4
4
4
4
4
4
4
4
4
4
4
4
4
4
6
7
7
7
7
7
6
5
5
5
5
3
0
-3
-6
-7
-7
-7
-7
-7
-7
-7
-4
-1
2
5
5
5
5
5
5
5
5
5
5
5
5
5
5
5
5
5
5
5
5
5
5
5
5
5
5
5
5
5
5
5
5
5
5
5
5
5
5
5
5
5
5
5
5
5
5
5
5
5
5
5
5
5
5
5
7
10
13
16
18
20
21
21
21
21
21
22
25
28
30
30
30
30
30
30
30
30
30
30
30
30
30
30
30
30
30
30
30
30
30
30
30
30
30
30
30
30
30
30
30
30
30
30
30
30
30
30
30
30
30
30
30
30
30
30
30
30
30
30
30
30
30
30
30
30
30
30
30
30
30
30
30
30
30
30
30
30
30
30
30
30
