0
0
0
0
0
0
0
0
0
0
0
0
0
0
0
0
0
0
0
0
0
0
0
0
0
0
0
0
0
0
0
0
0
0
0
0
0
0
0
0
0
0
0
0
0
0
0
0
0
0
0
0
0
0
0
0
0
0
0
0
0
0
1
3
4
7
10
12
14
15
16
18
21
22
23
25
26
27
28
29
31
34
37
40
43
44
45
48
51
53
53
56
59
61
63
66
69
72
75
78
79
81
84
87
90
93
94
96
97
99
102
104
106
108
108
108
108
108
108
108
108
108
108
108
108
110
112
115
118
121
123
124
127
130
130
132
133
133
133
133
133
133
133
133
133
133
133
133
133
133
133
134
136
139
142
144
147
150
153
156
159
162
165
168
171
174
177
180
182
182
181
180
180
179
176
173
170
167
164
161
158
155
152
149
146
143
140
137
134
131
128
125
122
119
116
113
110
107
104
101
98
95
92
89
86
85
83
80
77
74
71
68
65
62
59
56
53
50
47
44
41
38
35
32
29
26
23
20
17
14
11
8
5
2
-1
-4
-7
-10
-13
-16
-19
-22
-25
-28
-31
-34
-37
-40
-43
-46
-49
-52
-55
-58
-61
-64
-67
-70
-73
-76
-79
-82
-85
-88
-91
-92
-92
-93
-96
-99
-102
-105
-108
-111
-114
-116
-116
-116
-116
-116
-116
-116
-116
-116
-116
-116
-116
-116
-116
-116
-116
-116
-116
-116
-116
-116
-116
-116
-116
-116
-116
-116
-116
-116
-116
-116
-116
-116
-116
-116
-116
-116
-116
-116
-116
-116
-116
-116
-116
-116
-116
-116
-116
-116
-116
-116
-116
-116
-116
-116
-116
-116
-116
-116
-116
-116
-116
-116
-116
-116
-116
-116
-116
-116
-116
-116
-116
-116
-116
-116
-116
-116
-116
-116
-116
-116
-116
-116
-116
-116
-116
-116
-116
-116
-116
-116
-116
-116
-116
-116
-116
-116
-116
-116
-116
-116
-116
-116
-116
-116
-116
-116
-116
-116
-116
-116
-116
-116
-116
-116
-116
-116
-116
-116
-116
-116
-116
-116
-116
-116
-116
-116
-116
-116
-116
-116
-116
-116
-116
-116
-116
-116
-116
-116
-116
-116
-116
-116
-116
-116
-116
-116
-116
-116
-116
-116
-116
-116
-116
-116
-116
-116
-116
-116
-116
-116
-116
-116
-116
-116
-116
-116
-116
-116
-116
-116
-116
-115
-112
-109
-106
-103
-100
-97
-94
-91
-88
-85
-82
-79
-76
-73
-70
-67
-64
-61
-58
-55
-52
-49
-46
-43
-40
-37
-34
-31
-28
-25
-22
-19
-16
-13
-10
-8
-8
-8
-8
-9
-12
-13
-13
-13
-13
-13
-14
-17
-20
-23
-26
-29
-32
-35
-38
-41
-44
-47
-50
-53
-56
-59
-62
-65
-68
-71
-74
-77
-80
-83
-86
-89
-92
-94
-94
-94
-94
-94
-94
-94
-94
-94
-94
