0
0
0
0
0
0
0
0
0
0
0
0
0
0
0
0
0
0
0
0
0
0
0
0
0
0
0
0
0
0
1
2
2
2
2
2
2
2
2
2
2
2
2
2
2
2
2
2
2
2
2
2
2
2
2
2
2
2
2
4
5
5
5
5
5
5
5
5
5
5
5
5
5
5
5
5
3
3
3
2
1
1
-1
-2
-5
-5
-5
-6
-6
-6
-8
-8
-8
-8
-8
-8
-8
-8
-8
-8
-8
-8
-8
-8
-8
-8
-8
-8
-8
-8
-8
-8
-6
-6
-4
-3
-3
-3
-3
-3
-3
-1
0
0
0
3
3
3
3
3
3
3
3
3
3
3
3
3
3
3
3
3
3
3
3
3
2
0
0
-1
-2
-3
-6
-7
-8
-9
-10
-10
-11
-12
-13
-14
-14
-14
-14
-14
-14
-14
-14
-14
-14
-14
-14
-14
-14
-14
-14
-14
-14
-14
-14
-14
-14
-14
-14
-14
-14
-14
-14
-14
-14
-14
-14
-14
-14
-14
-14
-14
-14
-14
-14
-14
-14
-14
-14
-14
-14
-14
-14
-14
-14
-14
-14
-14
-14
-14
-14
-14
-14
-14
-14
-14
-14
-14
-14
-14
-14
-14
-14
-14
-14
-14
-14
-14
-14
-14
-14
-14
-14
-14
-14
-14
-14
-14
-14
-14
-14
-14
-14
-14
-14
-14
-14
-14
-14
-14
-14
-14
-14
-14
-14
-14
-14
-14
-14
-14
-14
-14
-14
-14
-14
-14
-14
-14
-14
-14
-14
-14
-14
-14
-14
-14
-14
-14
-14
-14
-14
-14
-14
-14
-14
-14
-14
-14
-14
-14
-14
-14
-14
-14
-14
-14
-14
-14
-14
-14
-14
-14
-14
-14
-14
-14
-14
-14
-14
-14
-14
-14
-14
-14
-14
