0
0
0
0
0
0
0
0
0
0
0
0
0
0
0
0
0
0
0
0
0
0
0
0
0
0
0
0
0
0
0
0
0
0
0
0
0
0
0
0
0
0
0
2
2
3
3
3
5
6
6
6
8
9
10
12
12
12
12
15
16
16
18
18
20
20
20
20
23
24
25
27
27
28
28
28
28
30
30
30
30
30
30
31
32
34
34
34
37
37
37
39
39
39
39
40
41
41
42
43
43
44
45
45
45
47
48
48
48
48
48
48
48
49
51
51
51
51
51
51
51
51
51
51
51
54
54
54
54
54
54
54
57
58
59
59
59
59
59
59
61
62
64
66
67
67
67
67
67
67
67
67
67
68
70
72
73
73
73
73
73
73
73
73
73
73
73
73
73
73
73
73
73
73
73
73
73
73
73
73
73
73
73
73
73
73
73
73
73
73
73
73
73
73
73
73
73
73
73
73
73
73
73
73
73
73
73
73
73
73
73
73
73
73
73
73
73
73
73
73
74
76
78
80
81
82
83
83
83
84
85
85
85
86
87
88
89
92
92
92
92
92
92
92
92
93
96
96
96
96
96
96
98
99
100
100
102
102
102
102
103
105
106
108
109
110
112
114
114
117
117
117
117
117
117
117
117
117
117
117
117
117
117
117
117
117
117
117
117
117
117
117
117
117
117
117
117
117
117
117
117
117
117
117
117
117
117
117
117
117
117
117
117
117
117
117
117
117
117
117
117
117
117
117
117
117
117
117
117
117
120
120
120
121
122
122
123
124
124
124
124
124
126
128
128
128
129
129
129
129
129
129
129
129
129
129
129
129
129
129
129
129
129
129
129
129
129
129
129
129
129
129
129
129
129
129
129
129
129
129
129
129
129
129
129
129
129
129
129
129
129
129
130
130
132
134
135
136
137
140
142
143
144
144
144
144
146
146
146
147
149
149
149
149
149
149
149
149
149
149
149
149
149
149
149
149
149
149
149
149
149
149
149
149
149
149
149
149
149
149
149
149
149
149
149
149
149
149
151
152
154
154
154
154
154
156
156
156
156
156
156
158
158
158
158
158
158
158
158
158
158
158
158
158
158
158
158
158
158
158
158
158
158
158
158
158
158
158
158
158
158
158
158
158
158
158
158
158
158
158
158
158
158
158
158
158
158
158
158
158
158
158
158
158
158
158
158
158
158
158
158
158
158
158
158
158
158
158
158
158
158
158
158
158
158
158
158
158
158
158
158
158
158
158
158
158
158
158
158
158
158
158
158
158
158
158
158
158
158
158
158
158
158
158
158
158
158
158
158
158
158
158
158
158
158
158
158
158
158
