0
0
0
0
0
0
0
0
0
0
0
0
0
0
0
0
0
0
0
0
0
0
0
0
0
0
0
0
0
0
0
0
0
0
0
0
0
0
0
0
0
0
0
0
0
0
0
0
0
0
0
0
0
0
0
0
0
0
0
0
0
0
0
0
0
0
0
0
0
0
0
0
0
0
0
0
0
0
0
0
0
0
0
0
0
0
0
0
0
0
0
0
0
0
0
0
0
0
0
0
0
0
0
0
0
0
0
0
0
0
0
0
0
0
0
0
0
0
0
-1
-4
-7
-10
-13
-16
-19
-22
-25
-28
-30
-30
-30
-30
-30
-30
-30
-30
-30
-30
-30
-30
-30
-30
-30
-30
-30
-30
-30
-30
-30
-30
-30
-30
-30
-30
-30
-30
-30
-30
-31
-33
-36
-39
-42
-45
-48
-50
-53
-56
-59
-60
-60
-60
-60
-60
-60
-62
-64
-66
-67
-69
-71
-72
-73
-75
-77
-78
-79
-80
-81
-81
-81
-81
-81
-81
-81
-81
-81
-81
-81
-81
-81
-81
-81
-81
-81
-81
-81
-81
-81
-81
-81
-81
-81
-81
-81
-81
-81
-81
-81
-81
-81
-81
-81
-81
-81
-81
-81
-81
-81
-81
-81
-81
-81
-81
-81
-81
-81
-81
-81
-81
-82
-82
-82
-82
-82
-82
-82
-82
-82
-82
-82
-82
-82
-82
-82
-82
-82
-82
-82
-82
-82
-82
-82
-82
-82
-82
-82
-82
-82
-82
-82
-82
-82
-82
-82
-82
-82
-82
-82
-82
-82
-82
-82
-83
-86
-89
-92
-95
-98
-101
-104
-107
-110
-113
-116
-119
-122
-125
-128
-131
-131
-131
-131
-131
-131
-131
-131
-131
-134
-135
-135
-135
-135
-135
-135
-135
-135
-135
-135
-135
-135
-135
-135
-135
-135
-135
-135
-135
-135
-135
-135
-135
-135
-135
-135
-135
-135
-135
-135
-135
-135
-135
-135
-135
-135
-135
-135
-135
-135
-135
-135
-135
-135
-135
-135
-135
-135
-135
-135
-135
-135
-135
-135
-135
-135
-135
-135
-135
-135
-135
-135
-135
-135
-135
-135
-135
-135
-135
-135
-135
-135
-135
-135
-135
-135
-135
-135
-135
-135
-135
-135
-135
-135
-135
-135
-135
-135
-135
-135
-135
-135
-135
-135
-135
-135
-135
-135
-135
-135
-135
-135
-135
-135
-135
-135
-135
-135
-135
-135
-135
-135
-135
-135
-135
-135
-135
-135
-135
-135
-135
-135
-135
-135
-135
-135
-135
-135
-135
-135
-135
-135
-135
-135
-135
-135
-135
-135
-135
-135
-135
-135
-135
-135
-135
-135
-135
-135
-135
-135
-135
-135
