0
0
0
0
0
0
0
0
0
0
0
0
0
0
0
0
0
0
0
0
0
0
0
0
0
0
0
0
0
0
1
4
5
5
5
8
9
9
9
9
9
9
9
9
9
9
9
9
9
11
14
17
20
23
26
26
26
26
26
26
28
31
34
37
37
37
37
37
37
37
37
37
37
37
38
41
44
45
45
45
45
45
45
45
45
45
45
45
45
46
49
52
55
58
61
64
65
65
67
70
73
76
78
78
78
78
78
78
78
78
78
78
78
78
78
78
78
78
78
78
78
78
78
78
78
78
78
78
78
78
78
78
79
82
85
86
86
86
85
82
79
79
79
79
79
79
79
79
79
79
79
79
79
79
79
79
79
79
79
79
79
79
79
79
79
79
79
78
75
75
75
75
75
75
75
75
75
75
75
75
75
75
75
75
75
75
75
75
75
75
75
75
75
75
75
75
75
75
75
75
75
75
75
75
75
75
75
75
75
75
72
69
66
64
64
64
64
64
64
64
64
64
64
64
63
60
58
58
58
58
58
58
58
58
58
58
58
58
58
58
58
58
58
58
58
58
58
58
58
58
57
54
51
48
45
45
45
45
45
45
45
45
45
45
45
45
45
45
45
45
45
45
45
45
45
45
45
45
45
45
45
44
41
38
35
32
29
27
27
27
27
27
27
27
27
27
27
27
27
27
27
27
27
27
27
27
27
27
27
27
27
27
27
27
27
27
27
27
27
27
27
27
27
27
27
27
27
27
27
27
27
27
27
27
27
27
27
27
27
27
27
27
27
27
27
27
27
27
27
27
27
27
27
27
27
27
27
27
27
27
27
27
27
27
27
27
25
22
19
18
18
18
18
18
18
18
18
18
18
18
18
18
18
18
19
22
25
28
31
34
37
37
