0
0
0
0
0
0
0
0
0
0
0
0
0
0
0
0
0
0
0
0
0
0
0
0
0
0
0
0
0
0
0
0
0
0
0
0
0
0
0
0
0
0
0
0
0
0
0
0
1
4
7
10
13
13
13
13
13
13
13
13
13
13
13
13
13
13
13
13
13
13
13
13
13
13
13
13
13
13
13
13
13
13
13
13
13
13
13
15
18
21
24
27
29
29
29
29
29
29
29
29
29
29
29
29
29
29
29
29
29
29
29
29
29
29
29
31
34
37
40
43
46
49
52
55
58
61
64
67
67
67
67
67
67
67
67
67
67
67
67
67
67
67
67
67
67
67
67
67
67
67
67
67
67
67
67
67
67
67
67
67
67
67
67
67
67
67
67
67
67
67
67
67
67
67
67
67
67
67
67
67
67
67
67
67
67
67
67
67
67
67
67
67
67
67
67
67
67
67
67
67
67
70
73
76
79
82
85
88
91
94
97
100
103
106
109
112
115
118
121
124
127
130
132
135
138
140
140
140
140
140
140
140
140
140
140
140
140
140
140
140
140
140
140
140
140
140
140
140
140
140
140
140
140
140
140
140
140
140
140
140
140
140
140
140
140
140
140
140
140
140
140
140
140
140
140
140
140
143
146
149
152
155
158
159
159
159
160
163
166
169
172
175
178
181
182
182
182
182
182
182
182
182
183
186
189
192
195
198
201
204
207
210
212
212
212
212
212
212
212
212
212
212
212
212
212
212
212
212
212
212
212
212
212
211
208
205
202
199
196
194
194
194
194
194
194
194
194
194
194
194
194
194
194
194
194
194
194
194
194
194
193
190
187
184
181
178
175
172
169
166
163
160
157
154
151
149
149
149
149
149
149
149
149
149
149
149
149
