0
0
0
0
0
0
0
0
0
0
0
0
0
0
0
0
0
0
0
0
0
0
0
0
0
0
0
0
0
0
0
0
0
0
0
0
0
0
0
0
0
0
0
3
3
6
6
8
9
10
10
10
10
11
14
17
18
18
18
18
18
18
21
24
27
30
30
30
30
30
30
30
33
34
35
37
40
42
44
46
49
51
53
55
57
59
60
61
61
61
61
61
61
61
61
61
61
61
61
61
61
61
61
61
61
58
55
54
54
54
54
54
54
54
54
54
54
54
54
55
58
61
64
67
70
72
72
72
72
72
73
76
79
82
83
83
83
83
83
83
83
83
83
83
83
83
83
83
83
83
83
83
83
83
85
88
91
94
97
100
103
104
104
104
104
104
104
104
104
104
104
104
104
104
104
104
106
109
112
115
118
118
118
118
118
118
118
118
118
118
118
118
118
118
118
118
118
118
118
118
118
118
118
118
118
118
118
118
118
118
118
118
118
118
118
118
118
118
118
118
118
118
118
118
118
118
118
116
113
110
107
104
101
98
95
92
89
86
83
80
77
74
71
68
67
67
67
70
73
76
79
82
85
85
85
85
85
85
85
85
87
87
87
87
87
87
87
87
87
87
87
87
87
87
87
87
87
87
87
87
87
87
87
87
87
87
87
87
87
87
87
87
87
85
84
84
84
84
84
84
84
84
84
84
84
84
84
84
84
84
84
81
78
75
72
69
66
63
60
57
54
51
48
45
42
39
36
33
30
27
24
21
19
19
19
19
19
17
17
16
15
13
13
11
10
10
10
10
10
10
10
10
10
10
10
10
10
10
10
10
10
10
10
10
10
10
13
16
19
22
23
23
23
23
23
23
23
23
23
23
23
23
23
23
23
23
23
23
23
23
23
23
23
23
23
23
24
27
30
33
36
39
42
45
48
51
54
57
60
63
66
69
