0
0
0
0
0
0
0
0
0
0
0
0
0
0
0
0
0
0
0
0
0
0
0
0
0
0
0
0
0
0
0
0
0
0
0
0
0
0
0
0
0
0
0
0
0
0
0
0
0
1
4
7
9
9
9
9
9
9
9
9
9
10
13
16
19
22
25
26
26
26
26
26
26
27
30
33
36
39
42
45
46
46
46
46
46
46
46
46
46
46
46
46
46
46
46
46
46
46
46
46
46
46
46
46
46
46
46
46
46
46
46
46
48
48
48
48
48
48
48
48
48
50
50
50
50
50
50
51
53
53
53
53
53
53
53
53
53
53
53
53
53
53
53
53
53
53
53
53
53
53
53
53
53
53
53
53
53
53
53
53
53
53
53
53
53
53
53
53
53
56
59
60
60
60
60
60
63
66
69
72
73
73
73
73
75
78
81
83
84
84
84
84
84
84
84
84
84
86
86
86
86
86
86
89
92
95
96
96
96
96
96
96
96
98
101
104
104
104
104
104
104
104
104
104
104
104
104
104
104
104
104
104
104
104
104
104
104
104
104
104
104
104
104
104
104
104
104
104
104
104
104
105
108
111
114
117
120
123
126
129
132
135
138
141
144
147
150
153
156
159
159
159
159
159
159
159
159
159
159
159
159
159
159
159
159
159
159
159
159
159
159
159
159
159
