0
0
0
0
0
0
0
0
0
0
0
0
0
0
0
0
0
0
0
0
0
0
0
0
0
0
0
0
0
0
0
0
0
0
0
0
0
2
5
8
11
11
11
11
11
11
11
11
13
13
13
13
13
13
13
12
9
6
3
0
-3
-6
-9
-12
-15
-16
-16
-16
-15
-12
-9
-6
-6
-6
-4
-1
0
0
0
0
0
0
0
0
0
0
0
0
0
0
0
0
0
0
0
0
0
0
0
0
0
0
0
0
0
0
0
0
0
0
0
0
0
0
0
0
0
0
0
0
0
0
0
0
0
0
2
5
6
6
6
6
6
6
6
6
6
6
6
6
3
0
-3
-6
-7
-7
-7
-7
-7
-7
-7
-7
-7
-7
-7
-7
-7
-7
-7
-7
-7
-7
-7
-7
-7
-7
-7
-7
-7
-7
-7
-7
-7
-7
-7
-7
-7
-7
-7
-7
-7
-7
-7
-7
-7
-7
-7
-7
-6
-3
0
1
1
1
-1
-4
-7
-9
-9
-9
-12
-15
-18
-21
-23
-23
