0
0
0
0
0
0
0
0
0
0
0
0
0
0
0
0
0
0
0
0
0
0
0
0
0
0
0
0
0
0
0
0
0
0
0
0
0
0
0
0
0
0
0
0
0
0
0
0
0
0
0
0
0
0
2
5
8
11
14
17
20
21
21
21
21
21
20
21
24
27
30
33
36
39
42
45
48
51
54
57
60
63
66
69
70
70
70
70
70
70
70
70
72
75
78
81
84
87
90
93
95
95
95
95
95
95
95
95
95
95
95
95
95
95
95
95
95
95
95
95
95
95
95
95
95
95
95
95
95
95
95
95
95
95
98
101
104
107
110
113
116
116
116
116
116
116
116
117
120
123
126
129
130
130
130
130
130
130
130
130
131
134
137
140
143
146
149
152
155
158
161
164
167
170
173
176
179
182
185
188
191
192
192
192
192
192
192
192
192
192
192
192
192
192
192
194
197
200
203
206
209
210
210
210
210
210
210
210
210
210
210
210
210
210
210
210
210
210
210
210
210
210
210
210
210
210
210
210
210
210
210
210
210
210
210
210
210
210
210
210
210
210
210
210
210
210
210
210
210
210
210
210
210
210
210
210
210
210
210
210
210
210
210
210
210
210
210
210
211
214
217
220
223
226
229
232
235
238
241
244
247
250
250
250
250
250
250
250
252
255
258
261
264
267
270
273
276
278
278
278
278
278
278
278
278
278
278
278
278
278
278
278
278
278
278
278
278
278
278
278
278
278
278
278
278
278
278
278
278
278
278
278
278
278
278
278
278
278
278
278
278
280
283
286
289
292
295
298
301
304
307
310
313
