0
0
0
0
0
0
0
0
0
0
0
0
0
0
0
0
0
0
0
0
2
2
2
2
2
2
2
4
5
5
5
5
5
5
5
5
5
5
5
5
5
7
7
7
7
7
7
7
7
7
7
7
7
7
7
7
7
7
7
7
7
7
7
7
7
7
7
7
7
7
7
7
9
12
12
12
12
12
12
12
12
12
12
12
14
14
14
14
14
14
14
14
14
14
14
14
14
14
14
14
14
14
14
14
14
14
14
14
14
14
14
14
14
14
14
14
14
14
14
14
14
14
14
14
14
14
14
14
14
16
17
17
17
17
18
21
24
27
30
31
31
31
31
31
31
31
31
31
31
31
31
31
31
31
31
31
31
32
35
38
41
42
42
42
42
42
42
42
42
42
42
42
42
42
42
42
42
42
42
42
42
42
41
38
36
36
36
36
36
36
36
36
36
34
34
34
34
34
33
31
31
31
31
31
31
31
31
31
31
31
31
31
31
31
31
31
30
27
24
21
18
16
16
16
16
16
16
16
17
20
23
26
29
32
35
38
41
44
47
47
47
47
47
47
47
47
47
47
47
47
