0
0
0
0
0
0
0
0
0
0
0
0
0
0
0
0
0
0
0
0
0
0
0
0
0
0
0
0
0
0
0
0
0
0
0
0
0
0
0
0
0
0
0
0
0
0
0
0
0
0
0
0
0
0
0
1
4
7
10
13
16
19
22
25
28
31
32
32
32
32
32
32
32
32
32
32
32
32
32
32
32
32
32
32
32
32
32
32
32
32
32
32
32
30
27
24
21
19
19
19
19
19
19
19
19
19
19
19
19
19
19
17
14
11
8
5
4
4
4
4
4
4
4
4
4
4
4
4
4
4
6
9
12
15
18
21
24
27
30
33
35
35
35
35
35
35
35
35
35
35
35
35
35
35
35
35
35
35
35
35
35
35
35
35
35
35
35
35
35
35
35
35
35
35
35
35
35
35
37
40
43
46
49
52
55
58
61
64
66
66
66
66
66
66
66
66
66
66
66
66
66
66
66
66
66
66
66
66
66
66
66
66
66
66
66
66
66
66
66
66
66
66
66
66
66
66
67
70
73
76
79
82
83
83
83
83
83
83
83
83
83
82
79
79
79
79
79
79
79
79
79
79
79
79
79
79
79
79
79
79
79
79
79
79
79
79
79
79
79
79
79
79
79
79
79
77
74
73
73
73
73
73
73
73
73
73
73
73
73
73
73
73
73
73
73
73
73
73
73
73
73
73
73
73
73
73
73
73
73
76
79
82
85
87
88
91
94
95
95
95
95
95
95
95
95
95
95
95
95
95
95
95
95
95
95
95
95
95
95
95
95
95
95
95
95
95
95
95
95
95
95
95
95
95
95
95
95
95
95
95
95
95
95
95
95
95
95
95
95
95
95
95
95
95
95
95
95
95
95
95
95
95
95
95
95
95
95
95
95
95
95
95
95
95
95
95
95
95
95
94
91
90
90
90
90
90
90
90
90
90
90
90
90
89
86
83
80
80
80
80
80
80
79
77
77
77
77
77
77
77
77
77
77
77
77
77
77
77
77
77
77
77
77
79
82
85
88
91
94
97
100
103
106
107
107
107
107
107
107
107
