0
0
0
0
0
0
0
0
0
0
0
0
0
0
0
0
0
0
0
0
0
0
0
0
0
0
0
0
0
0
0
0
0
0
0
0
0
0
0
0
0
0
0
0
0
0
0
0
0
0
0
0
0
0
1
2
2
4
4
4
4
4
4
4
4
4
7
10
13
16
19
22
25
25
25
25
28
31
32
32
32
32
32
32
35
38
41
44
47
50
53
53
53
53
53
53
53
56
58
60
60
60
60
60
60
60
60
60
60
60
60
60
60
60
60
61
63
63
63
63
63
66
68
68
68
68
68
70
70
70
70
70
70
70
70
70
70
70
70
70
70
70
70
70
70
70
70
70
70
70
70
70
70
70
70
70
70
70
70
70
70
70
70
70
70
70
70
70
70
70
70
70
70
70
70
70
70
70
70
70
70
70
70
70
70
70
70
70
70
70
70
70
70
70
70
70
70
70
70
70
70
70
70
70
70
70
70
70
70
70
70
70
70
70
70
70
70
70
70
70
70
70
70
70
70
70
70
70
70
70
70
70
70
70
70
70
73
76
78
78
78
78
78
78
78
78
80
83
83
83
83
83
83
83
85
88
91
94
97
100
103
106
109
112
115
118
121
123
123
123
123
123
123
124
127
130
130
130
131
134
137
140
140
140
140
140
140
140
140
143
146
147
147
147
147
147
147
147
147
147
147
147
147
147
147
147
147
147
147
147
147
147
147
147
147
147
147
147
147
147
147
147
147
147
147
147
147
147
147
147
147
149
151
151
151
151
151
151
151
151
151
151
151
151
151
151
151
151
151
151
151
151
151
151
151
151
151
151
151
