0
0
0
0
0
0
0
0
0
0
0
0
0
0
0
0
0
0
0
0
0
0
0
0
0
0
0
0
0
0
0
0
0
0
0
0
0
0
0
0
0
0
0
0
0
0
0
0
0
0
0
0
0
0
0
0
-1
-4
-7
-10
-13
-16
-19
-19
-19
-19
-19
-19
-19
-19
-19
-19
-19
-19
-19
-19
-19
-19
-19
-19
-19
-19
-19
-19
-19
-19
-19
-19
-19
-19
-19
-19
-19
-19
-19
-19
-19
-19
-19
-19
-19
-19
-19
-19
-19
-19
-19
-19
-19
-19
-19
-19
-19
-19
-19
-19
-19
-19
-19
-19
-19
-19
-19
-19
-19
-19
-19
-19
-19
-19
-19
-19
-19
-19
-19
-19
-19
-19
-19
-19
-19
-19
-19
-19
-19
-19
-19
-19
-19
-19
-19
-19
-19
-19
-19
-19
-19
-19
-19
-19
-19
-18
-15
-12
-10
-10
-10
-10
-10
-10
-10
-10
-10
-10
-10
-10
-10
-10
-10
-10
-10
-10
-10
-10
-10
-10
-10
-10
-10
-10
-10
-10
-8
-5
-2
1
3
3
3
3
3
3
3
3
3
3
3
3
3
3
3
3
3
3
3
3
3
3
3
3
3
3
3
3
3
3
3
3
3
3
3
2
-1
-1
-1
-1
-1
-1
-1
-1
-1
-1
-1
-1
2
4
4
4
4
4
4
4
4
4
4
4
4
