0
0
0
0
0
0
0
0
0
0
0
0
0
0
0
0
0
0
0
0
0
0
0
0
0
0
0
0
0
0
0
0
0
0
0
0
0
0
0
0
0
0
2
3
3
3
5
7
7
7
7
7
10
13
16
17
17
17
17
17
20
23
25
25
25
25
25
25
25
25
25
25
25
25
25
25
25
25
25
25
25
25
25
25
25
25
25
25
25
25
25
25
25
25
25
26
28
28
28
28
28
28
28
31
32
32
32
32
32
32
32
32
32
32
32
32
32
34
36
36
36
36
36
36
36
36
36
36
36
36
36
36
36
36
36
36
36
36
36
36
36
36
36
36
36
38
40
40
40
40
40
40
40
40
40
40
40
42
45
47
47
47
47
47
47
47
47
47
47
47
47
47
47
48
51
53
53
53
53
53
53
53
53
53
53
53
53
53
54
57
57
57
57
57
57
57
57
57
57
57
57
57
57
57
57
57
57
57
60
61
61
61
61
61
61
61
61
61
61
61
61
61
61
61
61
61
61
61
61
61
61
61
61
61
61
61
61
61
61
61
61
61
61
61
61
61
61
61
61
61
63
64
64
64
64
64
64
64
64
64
64
64
64
64
64
64
64
