0
0
0
0
0
0
0
0
0
0
0
0
0
3
6
9
9
9
9
9
9
9
9
9
9
9
9
9
9
9
9
9
9
9
9
9
9
9
9
9
9
9
9
9
9
9
12
15
17
17
17
17
17
17
17
17
17
17
17
17
17
17
17
17
17
17
17
17
17
17
17
17
17
17
17
17
17
17
17
17
17
17
17
17
17
17
17
17
17
17
17
17
17
18
21
24
24
24
24
24
24
24
24
24
24
24
24
24
24
24
24
24
24
24
24
24
24
24
24
24
24
24
24
24
24
24
24
24
24
24
24
24
24
24
24
24
24
24
24
24
24
24
24
24
24
24
24
24
24
24
24
24
24
24
23
20
17
14
11
8
8
8
8
8
8
8
8
8
8
8
8
8
8
8
8
8
8
8
10
13
16
18
20
23
25
25
28
31
33
33
33
33
33
33
33
33
33
33
33
33
33
36
39
42
45
