0
0
0
0
0
0
0
0
0
0
0
0
0
0
0
0
0
0
0
0
0
0
0
0
0
0
0
0
0
0
0
0
0
0
0
0
0
0
0
0
0
0
0
0
0
0
0
0
0
0
0
0
0
0
0
3
6
9
12
15
16
16
17
20
23
26
27
27
29
32
35
38
41
44
47
50
53
55
55
55
55
55
55
55
55
55
55
54
54
54
54
54
54
54
54
54
54
54
54
54
54
54
54
54
53
50
47
44
41
38
35
32
29
26
23
20
17
14
11
8
8
8
8
8
8
8
8
8
8
8
8
8
8
8
8
8
8
8
8
8
8
8
8
8
8
8
8
8
8
8
8
8
8
8
8
8
8
8
8
8
8
8
8
8
8
8
8
8
8
8
8
8
8
8
8
8
8
8
8
8
8
6
3
0
-3
-6
-9
-12
-15
-18
-21
-24
-27
-30
-32
-32
-32
-32
-32
-32
-32
-32
-32
-32
-32
-32
-32
-32
-32
-32
-32
-32
-32
-32
-32
-32
-32
-32
-32
-32
-32
-32
-32
-32
-32
-32
-32
-32
-32
-32
-32
-32
-32
-32
-32
-32
-32
-32
-32
-32
-33
-36
-39
-42
-45
-48
-51
-54
-57
-60
-63
-66
-69
-72
-75
-78
-81
-84
-87
-90
-93
-96
-99
-102
-105
-108
-111
-114
-117
-120
-123
-126
-129
-132
-134
-136
-136
-136
-136
-136
-136
-136
-136
-136
-136
-136
-136
-136
-136
-136
-136
-136
-136
-136
-136
-136
-136
-136
-136
-136
-136
-136
-136
-136
-136
-136
-136
-137
-136
-134
-131
-129
-129
-128
-127
-125
-125
-125
-125
-125
-125
-125
