0
0
0
0
0
0
0
0
0
0
0
0
0
0
0
0
0
0
0
0
0
0
0
0
0
0
0
0
0
0
0
0
0
0
0
0
2
5
8
11
14
17
20
23
26
29
32
35
38
41
44
47
50
53
56
59
62
63
63
63
63
63
63
64
67
70
73
76
79
82
85
88
91
94
97
100
103
106
109
112
115
118
121
124
127
130
131
131
131
131
131
131
133
136
139
142
145
148
151
154
157
160
163
166
169
172
175
178
181
184
187
190
193
194
194
194
194
194
194
194
194
194
194
194
194
194
194
194
194
194
194
194
194
194
194
194
194
194
194
194
194
194
194
194
194
194
194
194
194
194
194
194
194
192
189
186
183
180
